No de compte	Traitement	Transaction	Code de CP	Type	Symbole	Quantité	Prix	Devise	Total	Commission	Gains/Pertes	Int. courus	Frais	PBR manuel	Solde
800502-NA	2010/01/25	2009/12/21	BD88	Vente	M60899	(10 000)	99,900	CAD	9 990,00	0,00	0,00	0,00	0,00	0,000	471 784,75
800502-NA	2010/01/25	2009/06/15	BD88	Achat	M22142	10 000	85,500	CAD	(8 550,00)	0,00	0,00	0,00	0,00	0,000	461 794,75
800502-NA	2010/01/25	2009/03/31	BD88	Achat	M60899	10 000	99,000	CAD	(9 900,00)	0,00	0,00	0,00	0,00	0,000	470 344,75
800502-NA	2010/01/25	2009/03/31	BD88	Achat	M86062	10 000	0,000	CAD	0,00	0,00	0,00	0,00	0,00	0,000	480 244,75
800502-NA	2010/01/25	2009/03/31	BD88	Achat	M22142	10 000	85,000	CAD	(8 500,00)	0,00	0,00	0,00	0,00	0,000	480 244,75
800502-NA	2010/01/25	2009/03/03	BD88	Transfert	M60899	10 000	0,000	CAD	0,00	0,00	0,00	0,00	0,00	0,000	488 744,75
800502-NA	2010/01/25	2009/03/03	BD88	Transfert	X10428	10 000	0,000	USD	0,00	0,00	0,00	0,00	0,00	0,000	488 744,75
800502-NA	2010/01/25	2009/03/03	BD88	Achat	M22762	10 000	87,250	USD	(11 255,25)	0,00	0,00	0,00	0,00	0,000	488 744,75
800502-NA	2010/01/25	2009/03/03	BD88	Achat	M86062	10 000	0,000	CAD	0,00	0,00	0,00	0,00	0,00	0,000	500 000,00
800502-NA	2010/01/25	2009/03/03	BD88	Transfert	M02717	10 000	0,000	CAD	0,00	0,00	0,00	0,00	0,00	0,000	500 000,00
800502-NA	2010/01/25	2009/03/03	BD88	Transfert	M84827	10 000	0,000	CAD	0,00	0,00	0,00	0,00	0,00	0,000	500 000,00
800502-NA	2010/01/25	2009/03/03	BD88	Transfert	M85810	10 000	0,000	CAD	0,00	0,00	0,00	0,00	0,00	0,000	500 000,00
800502-NA	2010/01/25	2009/03/03	BD88	Transfert	M22691	10 000	0,000	CAD	0,00	0,00	0,00	0,00	0,00	0,000	500 000,00
800502-NA	2010/01/25	2009/03/03	BD88	Dépôt	1CAD	0,00	0,000	CAD	500 000,00	0,00	0,00	0,00	0,00	0,000	500 000,00
800401-NA	2010/01/25	2010/01/22	BD88	Vente	M60899	(10 000)	99,950	CAD	9 995,00	0,00	0,00	0,00	0,00	0,000	453 258,00
800401-NA	2010/01/25	2010/01/20	BD88	Achat	M86062	10 000	99,000	CAD	(9 900,00)	0,00	0,00	0,00	0,00	0,000	443 263,00
800401-NA	2010/01/25	2010/01/20	BD88	Achat	M22142	10 000	85,500	CAD	(8 550,00)	0,00	0,00	0,00	0,00	0,000	453 163,00
800401-NA	2010/01/25	2009/12/31	BD88	Achat	M60899	10 000	99,900	CAD	(9 990,00)	0,00	0,00	0,00	0,00	0,000	461 713,00
800401-NA	2010/01/25	2009/12/28	BD88	Transfert	M02717	10 000	0,000	CAD	0,00	0,00	0,00	0,00	0,00	0,000	471 703,00
800401-NA	2010/01/25	2009/12/28	BD88	Transfert	M84827	10 000	0,000	CAD	0,00	0,00	0,00	0,00	0,00	0,000	471 703,00
800401-NA	2010/01/25	2009/12/11	BD88	Transfert	M60899	10 000	0,000	CAD	0,00	0,00	0,00	0,00	0,00	0,000	471 703,00
800401-NA	2010/01/25	2009/12/11	BD88	Transfert	X10428	10 000	0,000	USD	0,00	0,00	0,00	0,00	0,00	0,000	471 703,00
800401-NA	2010/01/25	2009/12/11	BD88	Achat	M22762	10 000	93,500	USD	(9 911,00)	0,00	0,00	0,00	0,00	0,000	471 703,00
800401-NA	2010/01/25	2009/12/11	BD88	Achat	M86062	10 000	98,860	CAD	(9 886,00)	0,00	0,00	0,00	0,00	0,000	481 614,00
800401-NA	2010/01/25	2009/12/11	BD88	Achat	M22142	10 000	85,000	CAD	(8 500,00)	0,00	0,00	0,00	0,00	0,000	491 500,00
800401-NA	2010/01/25	2009/12/11	BD88	Transfert	M85810	10 000	0,000	CAD	0,00	0,00	0,00	0,00	0,00	0,000	500 000,00
800401-NA	2010/01/25	2009/12/11	BD88	Transfert	M22691	10 000	0,000	CAD	0,00	0,00	0,00	0,00	0,00	0,000	500 000,00
800401-NA	2010/01/25	2009/12/11	BD88	Dépôt	1CAD	0,00	0,000	CAD	500 000,00	0,00	0,00	0,00	0,00	0,000	500 000,00
800400-NA	2010/01/25	2010/01/22	BD88	Vente	M60899	(10 000)	99,950	CAD	9 995,00	0,00	0,00	0,00	0,00	0,000	453 258,00
800400-NA	2010/01/25	2010/01/20	BD88	Achat	M86062	10 000	99,000	CAD	(9 900,00)	0,00	0,00	0,00	0,00	0,000	443 263,00
800400-NA	2010/01/25	2010/01/20	BD88	Achat	M22142	10 000	85,500	CAD	(8 550,00)	0,00	0,00	0,00	0,00	0,000	453 163,00
800400-NA	2010/01/25	2010/01/11	BD88	Dépôt	1CAD	0,00	0,000	CAD	500 000,00	0,00	0,00	0,00	0,00	0,000	461 713,00
800400-NA	2010/01/25	2009/12/31	BD88	Achat	M60899	10 000	99,900	CAD	(9 990,00)	0,00	0,00	0,00	0,00	0,000	(38 287,00)
800400-NA	2010/01/25	2009/12/28	BD88	Transfert	M02717	10 000	0,000	CAD	0,00	0,00	0,00	0,00	0,00	0,000	(28 297,00)
800400-NA	2010/01/25	2009/12/28	BD88	Transfert	M84827	10 000	0,000	CAD	0,00	0,00	0,00	0,00	0,00	0,000	(28 297,00)
800400-NA	2010/01/25	2009/12/11	BD88	Transfert	M60899	10 000	0,000	CAD	0,00	0,00	0,00	0,00	0,00	0,000	(28 297,00)
800400-NA	2010/01/25	2009/12/11	BD88	Transfert	X10428	10 000	0,000	USD	0,00	0,00	0,00	0,00	0,00	0,000	(28 297,00)
800400-NA	2010/01/25	2009/12/11	BD88	Achat	M22762	10 000	93,500	USD	(9 911,00)	0,00	0,00	0,00	0,00	0,000	(28 297,00)
800400-NA	2010/01/25	2009/12/11	BD88	Achat	M86062	10 000	98,860	CAD	(9 886,00)	0,00	0,00	0,00	0,00	0,000	(18 386,00)
800400-NA	2010/01/25	2009/12/11	BD88	Achat	M22142	10 000	85,000	CAD	(8 500,00)	0,00	0,00	0,00	0,00	0,000	(8 500,00)
800400-NA	2010/01/25	2009/12/11	BD88	Transfert	M85810	10 000	0,000	CAD	0,00	0,00	0,00	0,00	0,00	0,000	0,00
800400-NA	2010/01/25	2009/12/11	BD88	Transfert	M22691	10 000	0,000	CAD	0,00	0,00	0,00	0,00	0,00	0,000	0,00
800302-OB	2010/01/25	2010/01/11	BD88	Transfert	B55444	10 000	0,000	USD	0,00	0,00	0,00	0,00	0,00	0,000	5 000,00
800302-OB	2010/01/25	2010/01/11	BD88	Transfert	A36754	10 000	0,000	CAD	0,00	0,00	0,00	0,00	0,00	0,000	5 000,00
800302-OB	2010/01/25	2010/01/11	BD88	Transfert	R13369	10 000	0,000	USD	0,00	0,00	0,00	0,00	0,00	0,000	5 000,00
800302-OB	2010/01/25	2010/01/11	BD88	Transfert	M22687	10 000	0,000	CAD	0,00	0,00	0,00	0,00	0,00	0,000	5 000,00
800302-OB	2010/01/25	2010/01/11	BD88	Transfert	R76899	10 000	0,000	CAD	0,00	0,00	0,00	0,00	0,00	0,000	5 000,00
800302-OB	2010/01/25	2010/01/11	BD88	Transfert	R35681	10 000	0,000	CAD	0,00	0,00	0,00	0,00	0,00	0,000	5 000,00
800302-OB	2010/01/25	2010/01/11	BD88	Transfert	M85693	10 000	0,000	CAD	0,00	0,00	0,00	0,00	0,00	0,000	5 000,00
800302-OB	2010/01/25	2010/01/11	BD88	Transfert	T83520	10 000	0,000	CAD	0,00	0,00	0,00	0,00	0,00	0,000	5 000,00
800302-OB	2010/01/25	2010/01/11	BD88	Transfert	BA.UN	500	0,000	CAD	0,00	0,00	0,00	0,00	0,00	0,000	5 000,00
800302-OB	2010/01/25	2010/01/11	BD88	Transfert	AET.UN	500	0,000	CAD	0,00	0,00	0,00	0,00	0,00	0,000	5 000,00
800302-OB	2010/01/25	2010/01/11	BD88	Transfert	NA.PR.N	500	0,000	CAD	0,00	0,00	0,00	0,00	0,00	0,000	5 000,00
800302-OB	2010/01/25	2010/01/11	BD88	Transfert	AES.PR.C	200	0,000	USD	0,00	0,00	0,00	0,00	0,00	0,000	5 000,00
800302-OB	2010/01/25	2010/01/11	BD88	Transfert	T	200	0,000	USD	0,00	0,00	0,00	0,00	0,00	0,000	5 000,00
800302-OB	2010/01/25	2010/01/11	BD88	Transfert	AEM	200	0,000	CAD	0,00	0,00	0,00	0,00	0,00	0,000	5 000,00
800302-OB	2010/01/25	2010/01/11	BD88	Transfert	AA	1 000	0,000	USD	0,00	0,00	0,00	0,00	0,00	0,000	5 000,00
800302-OB	2010/01/25	2010/01/11	BD88	Transfert	FEZ	250	0,000	USD	0,00	0,00	0,00	0,00	0,00	0,000	5 000,00
800302-OB	2010/01/25	2010/01/11	BD88	Transfert	FEU	250	0,000	USD	0,00	0,00	0,00	0,00	0,00	0,000	5 000,00
800302-OB	2010/01/25	2010/01/11	BD88	Transfert	XIN	500	0,000	CAD	0,00	0,00	0,00	0,00	0,00	0,000	5 000,00
800302-OB	2010/01/25	2010/01/11	BD88	Transfert	XFN	500	0,000	CAD	0,00	0,00	0,00	0,00	0,00	0,000	5 000,00
800302-OB	2010/01/25	2010/01/11	BD88	Transfert	XGD	500	0,000	CAD	0,00	0,00	0,00	0,00	0,00	0,000	5 000,00
800302-OB	2010/01/25	2010/01/11	BD88	Transfert	XIT	1 500	0,000	CAD	0,00	0,00	0,00	0,00	0,00	0,000	5 000,00
800302-OB	2010/01/25	2010/01/11	BD88	Transfert	XMA	500	0,000	CAD	0,00	0,00	0,00	0,00	0,00	0,000	5 000,00
800302-OB	2010/01/25	2010/01/11	BD88	Transfert	XIU	750	0,000	CAD	0,00	0,00	0,00	0,00	0,00	0,000	5 000,00
800302-OB	2010/01/25	2010/01/11	BD88	Transfert	XSP	1 000	0,000	USD	0,00	0,00	0,00	0,00	0,00	0,000	5 000,00
800302-OB	2010/01/25	2010/01/11	BD88	Transfert	EWJ	1 000	0,000	USD	0,00	0,00	0,00	0,00	0,00	0,000	5 000,00
800302-OB	2010/01/25	2010/01/11	BD88	Transfert	RRB.UN	1 000	0,000	CAD	0,00	0,00	0,00	0,00	0,00	0,000	5 000,00
800302-OB	2010/01/25	2010/01/11	BD88	Transfert	CBL170	100 000	0,000	CAD	0,00	0,00	0,00	0,00	0,00	0,000	5 000,00
800302-OB	2010/01/25	2010/01/11	BD88	Transfert	NA	1 000	0,000	CAD	0,00	0,00	0,00	0,00	0,00	0,000	5 000,00
800302-OB	2010/01/25	2010/01/11	BD88	Transfert	DIS	1 000	0,000	USD	0,00	0,00	0,00	0,00	0,00	0,000	5 000,00
800302-OB	2010/01/25	2010/01/11	BD88	Transfert	AGU	200	0,000	CAD	0,00	0,00	0,00	0,00	0,00	0,000	5 000,00
800302-OB	2010/01/25	2010/01/11	BD88	Transfert	IAH	1 000	0,000	USD	0,00	0,00	0,00	0,00	0,00	0,000	5 000,00
800302-OB	2010/01/25	2010/01/11	BD88	Transfert	V56635	10 000	0,000	CAD	0,00	0,00	0,00	0,00	0,00	0,000	5 000,00
800302-OB	2010/01/25	2010/01/11	BD88	Transfert	M85805	10 000	0,000	CAD	0,00	0,00	0,00	0,00	0,00	0,000	5 000,00
800302-OB	2010/01/25	2010/01/11	BD88	Transfert	Q49599	10 000	0,000	CAD	0,00	0,00	0,00	0,00	0,00	0,000	5 000,00
800302-OB	2010/01/25	2010/01/11	BD88	Transfert	Q42798	10 000	0,000	CAD	0,00	0,00	0,00	0,00	0,00	0,000	5 000,00
800302-OB	2010/01/25	2010/01/11	BD88	Transfert	B55248	10 000	0,000	CAD	0,00	0,00	0,00	0,00	0,00	0,000	5 000,00
800302-OB	2010/01/25	2010/01/11	BD88	Transfert	B30199	10 000	0,000	CAD	0,00	0,00	0,00	0,00	0,00	0,000	5 000,00
800302-OB	2010/01/25	2010/01/11	BD88	Transfert	A25074	10 000	0,000	CAD	0,00	0,00	0,00	0,00	0,00	0,000	5 000,00
800302-OB	2010/01/25	2010/01/11	BD88	Transfert	OBA	10 000	0,000	CAD	0,00	0,00	0,00	0,00	0,00	0,000	5 000,00
800302-OB	2010/01/25	2010/01/11	BD88	Transfert	LQD	100	0,000	USD	0,00	0,00	0,00	0,00	0,00	0,000	5 000,00
800302-OB	2010/01/25	2010/01/11	BD88	Transfert	HYG	100	0,000	USD	0,00	0,00	0,00	0,00	0,00	0,000	5 000,00
800302-OB	2010/01/25	2010/01/11	BD88	Transfert	XSB	500	0,000	CAD	0,00	0,00	0,00	0,00	0,00	0,000	5 000,00
800302-OB	2010/01/25	2010/01/11	BD88	Transfert	XRB	500	0,000	CAD	0,00	0,00	0,00	0,00	0,00	0,000	5 000,00
800302-OB	2010/01/25	2010/01/11	BD88	Transfert	XCB	500	0,000	CAD	0,00	0,00	0,00	0,00	0,00	0,000	5 000,00
800302-OB	2010/01/25	2010/01/11	BD88	Transfert	XBB	1 000	0,000	CAD	0,00	0,00	0,00	0,00	0,00	0,000	5 000,00
800302-OB	2010/01/25	2010/01/11	BD88	Transfert	TIP	100	0,000	USD	0,00	0,00	0,00	0,00	0,00	0,000	5 000,00
800302-OB	2010/01/25	2010/01/11	BD88	Transfert	SHV	100	0,000	USD	0,00	0,00	0,00	0,00	0,00	0,000	5 000,00
800302-OB	2010/01/25	2010/01/11	BD88	Transfert	SHY	100	0,000	USD	0,00	0,00	0,00	0,00	0,00	0,000	5 000,00
800302-OB	2010/01/25	2010/01/11	BD88	Transfert	FXY	100	0,000	USD	0,00	0,00	0,00	0,00	0,00	0,000	5 000,00
800302-OB	2010/01/25	2010/01/11	BD88	Transfert	CUF.DB.D	10 000	0,000	CAD	0,00	0,00	0,00	0,00	0,00	0,000	5 000,00
800302-OB	2010/01/25	2010/01/11	BD88	Transfert	RYT.NT.M	10 000	0,000	CAD	0,00	0,00	0,00	0,00	0,00	0,000	5 000,00
800302-OB	2010/01/25	2010/01/11	BD88	Transfert	R41490	10 000	0,000	CAD	0,00	0,00	0,00	0,00	0,00	0,000	5 000,00
800302-OB	2010/01/25	2010/01/11	BD88	Dépôt	1USD	0,00	0,000	CAD	5 000,00	0,00	0,00	0,00	0,00	0,000	5 000,00
800300-NA	2010/01/25	2010/01/11	BD88	Transfert	B55444	10 000	0,000	USD	0,00	0,00	0,00	0,00	0,00	0,000	5 000,00
800300-NA	2010/01/25	2010/01/11	BD88	Transfert	A36754	10 000	0,000	CAD	0,00	0,00	0,00	0,00	0,00	0,000	5 000,00
800300-NA	2010/01/25	2010/01/11	BD88	Transfert	R13369	10 000	0,000	USD	0,00	0,00	0,00	0,00	0,00	0,000	5 000,00
800300-NA	2010/01/25	2010/01/11	BD88	Transfert	M22687	10 000	0,000	CAD	0,00	0,00	0,00	0,00	0,00	0,000	5 000,00
800300-NA	2010/01/25	2010/01/11	BD88	Transfert	R76899	10 000	0,000	CAD	0,00	0,00	0,00	0,00	0,00	0,000	5 000,00
800300-NA	2010/01/25	2010/01/11	BD88	Transfert	R35681	10 000	0,000	CAD	0,00	0,00	0,00	0,00	0,00	0,000	5 000,00
800300-NA	2010/01/25	2010/01/11	BD88	Transfert	M85693	10 000	0,000	CAD	0,00	0,00	0,00	0,00	0,00	0,000	5 000,00
800300-NA	2010/01/25	2010/01/11	BD88	Transfert	T83520	10 000	0,000	CAD	0,00	0,00	0,00	0,00	0,00	0,000	5 000,00
800300-NA	2010/01/25	2010/01/11	BD88	Transfert	BA.UN	500	0,000	CAD	0,00	0,00	0,00	0,00	0,00	0,000	5 000,00
800300-NA	2010/01/25	2010/01/11	BD88	Transfert	AET.UN	500	0,000	CAD	0,00	0,00	0,00	0,00	0,00	0,000	5 000,00
800300-NA	2010/01/25	2010/01/11	BD88	Transfert	NA.PR.N	500	0,000	CAD	0,00	0,00	0,00	0,00	0,00	0,000	5 000,00
800300-NA	2010/01/25	2010/01/11	BD88	Transfert	AES.PR.C	200	0,000	USD	0,00	0,00	0,00	0,00	0,00	0,000	5 000,00
800300-NA	2010/01/25	2010/01/11	BD88	Transfert	T	200	0,000	USD	0,00	0,00	0,00	0,00	0,00	0,000	5 000,00
800300-NA	2010/01/25	2010/01/11	BD88	Transfert	AEM	200	0,000	CAD	0,00	0,00	0,00	0,00	0,00	0,000	5 000,00
800300-NA	2010/01/25	2010/01/11	BD88	Transfert	AA	1 000	0,000	USD	0,00	0,00	0,00	0,00	0,00	0,000	5 000,00
800300-NA	2010/01/25	2010/01/11	BD88	Transfert	FEZ	250	0,000	USD	0,00	0,00	0,00	0,00	0,00	0,000	5 000,00
800300-NA	2010/01/25	2010/01/11	BD88	Transfert	FEU	250	0,000	USD	0,00	0,00	0,00	0,00	0,00	0,000	5 000,00
800300-NA	2010/01/25	2010/01/11	BD88	Transfert	XIN	500	0,000	CAD	0,00	0,00	0,00	0,00	0,00	0,000	5 000,00
800300-NA	2010/01/25	2010/01/11	BD88	Transfert	XFN	500	0,000	CAD	0,00	0,00	0,00	0,00	0,00	0,000	5 000,00
800300-NA	2010/01/25	2010/01/11	BD88	Transfert	XGD	500	0,000	CAD	0,00	0,00	0,00	0,00	0,00	0,000	5 000,00
800300-NA	2010/01/25	2010/01/11	BD88	Transfert	XIT	1 500	0,000	CAD	0,00	0,00	0,00	0,00	0,00	0,000	5 000,00
800300-NA	2010/01/25	2010/01/11	BD88	Transfert	XMA	500	0,000	CAD	0,00	0,00	0,00	0,00	0,00	0,000	5 000,00
800300-NA	2010/01/25	2010/01/11	BD88	Transfert	XIU	750	0,000	CAD	0,00	0,00	0,00	0,00	0,00	0,000	5 000,00
800300-NA	2010/01/25	2010/01/11	BD88	Transfert	XSP	1 000	0,000	USD	0,00	0,00	0,00	0,00	0,00	0,000	5 000,00
800300-NA	2010/01/25	2010/01/11	BD88	Transfert	EWJ	1 000	0,000	USD	0,00	0,00	0,00	0,00	0,00	0,000	5 000,00
800300-NA	2010/01/25	2010/01/11	BD88	Transfert	RRB.UN	1 000	0,000	CAD	0,00	0,00	0,00	0,00	0,00	0,000	5 000,00
800300-NA	2010/01/25	2010/01/11	BD88	Transfert	CBL170	100 000	0,000	CAD	0,00	0,00	0,00	0,00	0,00	0,000	5 000,00
800300-NA	2010/01/25	2010/01/11	BD88	Transfert	NA	1 000	0,000	CAD	0,00	0,00	0,00	0,00	0,00	0,000	5 000,00
800300-NA	2010/01/25	2010/01/11	BD88	Transfert	DIS	1 000	0,000	USD	0,00	0,00	0,00	0,00	0,00	0,000	5 000,00
800300-NA	2010/01/25	2010/01/11	BD88	Transfert	AGU	200	0,000	CAD	0,00	0,00	0,00	0,00	0,00	0,000	5 000,00
800300-NA	2010/01/25	2010/01/11	BD88	Transfert	IAH	1 000	0,000	USD	0,00	0,00	0,00	0,00	0,00	0,000	5 000,00
800300-NA	2010/01/25	2010/01/11	BD88	Transfert	V56635	10 000	0,000	CAD	0,00	0,00	0,00	0,00	0,00	0,000	5 000,00
800300-NA	2010/01/25	2010/01/11	BD88	Transfert	M85805	10 000	0,000	CAD	0,00	0,00	0,00	0,00	0,00	0,000	5 000,00
800300-NA	2010/01/25	2010/01/11	BD88	Transfert	Q49599	10 000	0,000	CAD	0,00	0,00	0,00	0,00	0,00	0,000	5 000,00
800300-NA	2010/01/25	2010/01/11	BD88	Transfert	Q42798	10 000	0,000	CAD	0,00	0,00	0,00	0,00	0,00	0,000	5 000,00
800300-NA	2010/01/25	2010/01/11	BD88	Transfert	B55248	10 000	0,000	CAD	0,00	0,00	0,00	0,00	0,00	0,000	5 000,00
800300-NA	2010/01/25	2010/01/11	BD88	Transfert	B30199	10 000	0,000	CAD	0,00	0,00	0,00	0,00	0,00	0,000	5 000,00
800300-NA	2010/01/25	2010/01/11	BD88	Transfert	A25074	10 000	0,000	CAD	0,00	0,00	0,00	0,00	0,00	0,000	5 000,00
800300-NA	2010/01/25	2010/01/11	BD88	Transfert	OBA	10 000	0,000	CAD	0,00	0,00	0,00	0,00	0,00	0,000	5 000,00
800300-NA	2010/01/25	2010/01/11	BD88	Transfert	LQD	100	0,000	USD	0,00	0,00	0,00	0,00	0,00	0,000	5 000,00
800300-NA	2010/01/25	2010/01/11	BD88	Transfert	HYG	100	0,000	USD	0,00	0,00	0,00	0,00	0,00	0,000	5 000,00
800300-NA	2010/01/25	2010/01/11	BD88	Transfert	XSB	500	0,000	CAD	0,00	0,00	0,00	0,00	0,00	0,000	5 000,00
800300-NA	2010/01/25	2010/01/11	BD88	Transfert	XRB	500	0,000	CAD	0,00	0,00	0,00	0,00	0,00	0,000	5 000,00
800300-NA	2010/01/25	2010/01/11	BD88	Transfert	XCB	500	0,000	CAD	0,00	0,00	0,00	0,00	0,00	0,000	5 000,00
800300-NA	2010/01/25	2010/01/11	BD88	Transfert	XBB	1 000	0,000	CAD	0,00	0,00	0,00	0,00	0,00	0,000	5 000,00
800300-NA	2010/01/25	2010/01/11	BD88	Transfert	TIP	100	0,000	USD	0,00	0,00	0,00	0,00	0,00	0,000	5 000,00
800300-NA	2010/01/25	2010/01/11	BD88	Transfert	SHV	100	0,000	USD	0,00	0,00	0,00	0,00	0,00	0,000	5 000,00
800300-NA	2010/01/25	2010/01/11	BD88	Transfert	SHY	100	0,000	USD	0,00	0,00	0,00	0,00	0,00	0,000	5 000,00
800300-NA	2010/01/25	2010/01/11	BD88	Transfert	FXY	100	0,000	USD	0,00	0,00	0,00	0,00	0,00	0,000	5 000,00
800300-NA	2010/01/25	2010/01/11	BD88	Transfert	CUF.DB.D	10 000	0,000	CAD	0,00	0,00	0,00	0,00	0,00	0,000	5 000,00
800300-NA	2010/01/25	2010/01/11	BD88	Transfert	RYT.NT.M	10 000	0,000	CAD	0,00	0,00	0,00	0,00	0,00	0,000	5 000,00
800300-NA	2010/01/25	2010/01/11	BD88	Transfert	R41490	10 000	0,000	CAD	0,00	0,00	0,00	0,00	0,00	0,000	5 000,00
800300-NA	2010/01/25	2010/01/11	BD88	Dépôt	1CAD	0,00	0,000	CAD	5 000,00	0,00	0,00	0,00	0,00	0,000	5 000,00
800291-SF	2010/01/25	2010/01/25	AC42	Retrait	1USD	0,00	0,000	USD	(2 000,00)	0,00	0,00	0,00	0,00	0,000	(2 590,01)
800291-RE	2010/01/25	2010/01/25	AC42	Transfert	1CAD	0,00	0,000	CAD	2 500,00	0,00	0,00	0,00	0,00	0,000	3 432,32
800291-GT	2010/01/25	2010/01/25	AC42	Transfert	1CAD	0,00	0,000	CAD	(3 164,56)	0,00	0,00	0,00	664,56	0,000	25 494,83
800285-RE	2010/01/25	2010/01/25	AC42	Valeur comptable	1CAD	0,00	0,000	CAD	699,68	0,00	0,00	0,00	0,00	0,000	(8 797,69)
800285-RE	2010/01/25	2010/01/25	AC42	Valeur comptable	DYN9152	(424,063)	0,000	CAD	5 076,49	0,00	0,00	0,00	0,00	0,000	(8 797,69)
800285-RE	2010/01/25	2010/01/25	AC42	Valeur comptable	DYN9152	424,063	0,000	CAD	(5 776,17)	0,00	0,00	0,00	0,00	0,000	(8 797,69)
800285-RE	2010/01/25	2010/01/22	AC42	Cotisation	1CAD	0,00	0,970	CAD	(9 790,00)	0,00	0,00	0,00	0,00	0,000	(8 797,69)
800285-RE	2010/01/25	2010/01/22	AC42	Cotisation	1CAD	0,00	0,990	CAD	(9 975,00)	0,00	0,00	0,00	0,00	0,000	992,31
800285-RE	2010/01/25	2010/01/22	AC42	Cotisation	V61442	(10 000)	0,970	CAD	9 790,00	0,00	(210,00)	0,00	0,00	0,000	10 967,31
800285-RE	2010/01/25	2010/01/22	AC42	Cotisation	V76606	(10 000)	0,990	CAD	9 975,00	0,00	(9 901,00)	9 876,00	0,00	0,000	1 177,31
800285-FS	2010/01/25	2010/01/25	AC42	Dividendes	CP	8	0,000	CAD	1,98	0,00	0,00	0,00	0,00	0,000	3 917,74
800279-SF	2010/01/25	2010/01/25	AC42	Dividendes	GE	20	0,000	USD	1,70	0,00	0,00	0,00	0,30	0,000	5 459,07
800279-SF	2010/01/25	2010/01/25	AC42	Dividendes	PNC	7	0,000	USD	0,59	0,00	0,00	0,00	0,11	0,000	5 457,37
800279-RE	2010/01/25	2010/01/25	AC42	Valeur comptable	1CAD	0,00	0,000	CAD	2 020,84	0,00	0,00	0,00	0,00	0,000	3 744,41
800279-RE	2010/01/25	2010/01/25	AC42	Valeur comptable	DYN9152	(1 224,790)	0,000	CAD	19 149,42	0,00	0,00	0,00	0,00	0,000	3 744,41
800279-RE	2010/01/25	2010/01/25	AC42	Valeur comptable	DYN9152	1 224,790	0,000	CAD	(21 170,26)	0,00	0,00	0,00	0,00	0,000	3 744,41
800278-RE	2010/01/25	2010/01/25	AC42	Dividendes	GE	195	0,000	CAD	17,53	0,00	0,00	0,00	3,10	0,000	15 972,50
800277-RE	2010/01/25	2010/01/25	AC42	Dividendes	CP	238	0,000	CAD	58,91	0,00	0,00	0,00	0,00	0,000	1 995,56
800277-OB	2010/01/25	2010/01/25	AC42	Dividendes	GE	475	0,000	USD	40,37	0,00	0,00	0,00	7,13	0,000	10 498,04
800273-SF	2010/01/25	2010/01/25	BD88	Vente	PEP	(5)	60,393	USD	301,96	0,00	25,16	0,00	0,01	0,000	786,75
800273-SF	2010/01/25	2010/01/25	BD88	Fractionnement	TSL	8	0,000	USD	0,00	0,00	0,00	0,00	0,00	0,000	484,79
800273-SF	2010/01/25	2010/01/25	BD88	Achat	TSL	7	21,930	USD	(153,51)	0,00	0,00	0,00	0,00	0,000	484,79
800273-OB	2010/01/25	2010/01/25	BD88	Dividendes	GE	70	0,000	USD	5,95	0,00	0,00	0,00	1,05	0,000	4 766,76
800273-NA	2010/01/25	2010/01/25	BD88	Dividendes	CP	34	0,000	CAD	8,42	0,00	0,00	0,00	0,00	0,000	8 601,04
800272-FS	2010/01/25	2010/01/25	BD88	Vente	760960	(7,000)	0,000	CAD	0,00	0,00	0,00	0,00	0,00	0,000	13 843,40
800272-FS	2010/01/25	2010/01/25	BD88	Achat	760983	7,000	0,000	CAD	0,00	0,00	0,00	0,00	0,00	0,000	13 843,40
800266-RE	2010/01/25	2010/01/22	BD77	Retrait	1CAD	0,00	0,000	CAD	(5 000,00)	0,00	0,00	0,00	0,00	0,000	0,55
800266-RE	2010/01/25	2010/01/22	BD77	Vente	FID285	(470,207)	0,000	CAD	5 000,00	0,00	68,62	0,00	0,00	0,000	5 000,55
800266-RE	2010/01/25	2010/01/22	BD77	Dividendes	MFC302	2,155	13,177	CAD	0,00	0,00	0,00	0,00	0,00	0,000	0,55
800265-NA	2010/01/25	2010/01/22	BD77	Dividendes	MFC432	1,700	13,177	CAD	0,00	0,00	0,00	0,00	0,00	0,000	2 077,33
800264-NA	2010/01/25	2010/01/25	BD66	Retrait	1CAD	0,00	0,000	CAD	(1 200,00)	0,00	0,00	0,00	0,00	0,000	3 415,56
800257-RE	2010/01/25	2010/01/25	AC42	Dividendes	GE	1 400	0,000	CAD	125,90	0,00	0,00	0,00	22,22	0,000	(52 202,91)
800252-RE	2010/01/25	2010/01/25	AC42	Intérêts	Q12015	10 000	0,000	CAD	257,50	0,00	0,00	0,00	0,00	0,000	2 766,14
800251-RE	2010/01/25	2010/01/25	AC42	Dividendes	GE	1 000	0,000	CAD	89,93	0,00	0,00	0,00	15,87	0,000	5 622,86
800249-NA	2010/01/25	2010/01/25	BD88	Intérêts	Q12463	200 000	0,000	CAD	1 500,00	0,00	0,00	0,00	0,00	0,000	149 888,26
800249-NA	2010/01/25	2010/01/25	BD88	Vente	MBT	(300)	34,520	CAD	10 356,00	0,00	156,00	0,00	0,00	0,000	148 388,26
800249-NA	2010/01/25	2010/01/25	BD88	Vente	MBT	(400)	34,520	CAD	13 808,00	0,00	208,00	0,00	0,00	0,000	138 032,26
800248-NA	2010/01/25	2010/01/25	BD88	Dividendes	CP	364	0,000	CAD	76,58	0,00	0,00	0,00	13,51	0,000	92 145,40
800238-GT	2010/01/25	2010/01/22	BD88	Achat	NBC100	25 900,000	1,000	CAD	(25 900,00)	0,00	0,00	0,00	0,00	0,000	7,09
800236-OB	2010/01/25	2010/01/25	BD66	Dividendes	GE	300	0,000	USD	25,50	0,00	0,00	0,00	4,50	0,000	10 647,24
800235-FS	2010/01/25	2010/01/25	BD66	Intérêts	B70658	13 188	0,000	CAD	385,75	0,00	0,00	0,00	0,00	0,000	4 072,72
800234-FS	2010/01/25	2010/01/25	BD66	Dividendes	GE	300	0,000	CAD	31,74	0,00	0,00	0,00	0,00	0,000	10 563,48
800232-NA	2010/01/25	2010/01/25	BD88	Intérêts	V95293	11 238	0,000	CAD	516,95	0,00	0,00	0,00	0,00	0,000	691,28
800231-NA	2010/01/25	2010/01/25	BD66	Intérêts	Q66835	49 000	0,000	CAD	1 163,75	0,00	0,00	0,00	0,00	0,000	2 558,62
800231-NA	2010/01/25	2010/01/25	BD66	Dividendes	GE	700	0,000	CAD	62,95	0,00	0,00	0,00	11,11	0,000	1 394,87
800229-NA	2010/01/25	2010/01/25	BD88	Valeur comptable	1CAD	0,00	0,000	CAD	806,86	0,00	0,00	0,00	0,00	0,000	10 826,06
800229-NA	2010/01/25	2010/01/25	BD88	Valeur comptable	DYN9152	(488,992)	0,000	CAD	6 829,59	0,00	0,00	0,00	0,00	0,000	10 826,06
800229-NA	2010/01/25	2010/01/25	BD88	Valeur comptable	DYN9152	488,992	0,000	CAD	(7 636,45)	0,00	0,00	0,00	0,00	0,000	10 826,06
800228-RE	2010/01/25	2010/01/25	BD88	Valeur comptable	1CAD	0,00	0,000	CAD	306,01	0,00	0,00	0,00	0,00	0,000	4 223,16
800228-RE	2010/01/25	2010/01/25	BD88	Valeur comptable	DYN9152	(185,449)	0,000	CAD	2 247,46	0,00	0,00	0,00	0,00	0,000	4 223,16
800228-RE	2010/01/25	2010/01/25	BD88	Valeur comptable	DYN9152	185,449	0,000	CAD	(2 553,47)	0,00	0,00	0,00	0,00	0,000	4 223,16
800225-RE	2010/01/25	2010/01/25	BD66	Dividendes	CP	120	0,000	CAD	29,70	0,00	0,00	0,00	0,00	0,000	(1 345,57)
800224-RE	2010/01/25	2010/01/25	AC42	Retrait	1CAD	0,00	0,000	CAD	(5 000,00)	0,00	0,00	0,00	0,00	0,000	21 697,85
800224-RE	2010/01/25	2010/01/25	AC42	Vente	Q69055	(35 000)	103,837	CAD	36 577,69	25,00	1 277,55	234,79	0,00	0,000	26 697,85
800224-RE	2010/01/25	2010/01/25	AC42	Achat	FTS.PR.H	600	25,000	CAD	(15 000,00)	240,00	0,00	0,00	0,00	0,000	(9 879,84)
800224-RE	2010/01/25	2010/01/22	AC42	Dividendes	MFC856	24,014	4,428	CAD	0,00	0,00	0,00	0,00	0,00	0,000	5 120,16
800216-OB	2010/01/25	2010/01/25	AC43	Dividendes	GE	1 000	0,000	USD	100,00	0,00	0,00	0,00	0,00	0,000	681 540,37
800215-OB	2010/01/25	2010/01/25	AC43	Dividendes	GE	500	0,000	USD	42,50	0,00	0,00	0,00	7,50	0,000	2 304,65
800210-FS	2010/01/25	2010/01/25	BD88	Dividendes	GE	1 200	0,000	CAD	126,96	0,00	0,00	0,00	0,00	0,000	2 873,35
800208-NA	2010/01/25	2010/01/25	BD88	Dividendes	CP	200	0,000	CAD	49,50	0,00	0,00	0,00	0,00	0,000	12 429,65
800207-RE	2010/01/25	2010/01/25	AC42	Intérêts	Q47689	20 000	0,000	CAD	450,00	0,00	0,00	0,00	0,00	0,000	12 404,28
800207-FS	2010/01/25	2010/01/25	AC42	Intérêts	Q61649	10 000	0,000	CAD	550,00	0,00	0,00	0,00	0,00	0,000	551,23
800206-RE	2010/01/25	2010/01/25	BD77	Dividendes	GE	55	0,000	CAD	4,94	0,00	0,00	0,00	0,88	0,000	4 150,24
800205-NA	2010/01/25	2010/01/25	BD88	Dividendes	CP	5 000	0,000	CAD	1 237,50	0,00	0,00	0,00	0,00	0,000	11 827,99
800203-RE	2010/01/25	2010/01/25	AC42	Dividendes	CP	40	0,000	CAD	9,90	0,00	0,00	0,00	0,00	0,000	4 541,91
800203-FS	2010/01/25	2010/01/25	AC42	Dividendes	CP	20	0,000	CAD	4,95	0,00	0,00	0,00	0,00	0,000	8 752,64
800086-RE	2010/01/25	2010/01/25	AC42	Dividendes	GE	98	0,000	CAD	8,81	0,00	0,00	0,00	1,56	0,000	11 094,54
800082-SF	2010/01/25	2010/01/25	BD88	Achat	T	500	25,680	USD	(12 840,00)	0,00	0,00	0,00	0,00	0,000	5 647,34
800082-SF	2010/01/25	2010/01/25	BD88	Vente	BHP	(200)	74,230	USD	14 845,81	0,00	7 215,81	0,00	0,19	0,000	18 487,34
800082-SF	2010/01/25	2010/01/25	BD88	Dividendes	GE	1 000	0,000	USD	85,00	0,00	0,00	0,00	15,00	0,000	3 641,53
800082-SF	2010/01/25	2010/01/25	BD88	Vente	EEM	(300)	39,950	USD	11 984,84	0,00	(131,89)	0,00	0,16	0,000	3 556,53
800082-SF	2010/01/25	2010/01/25	BD88	Achat	UN	300	31,230	USD	(9 369,00)	0,00	0,00	0,00	0,00	0,000	(8 428,31)
800082-RE	2010/01/25	2010/01/25	BD88	Vente	B68926	(68 890)	100,020	CAD	68 953,24	0,00	(233,84)	49,26	0,00	0,000	74 399,78
800082-RE	2010/01/25	2010/01/25	BD88	Vente	Q50015	(31 725)	99,000	CAD	31 425,83	0,00	(317,25)	18,08	0,00	0,000	5 446,54
800082-RE	2010/01/25	2010/01/25	BD88	Intérêts	R40289	23 700	0,000	CAD	670,25	0,00	0,00	0,00	0,00	0,000	(25 979,29)
800082-RE	2010/01/25	2010/01/25	BD88	Achat	X35404	50 000	102,750	CAD	(51 521,40)	0,00	0,00	(146,40)	0,00	0,000	(26 649,54)
800082-RE	2010/01/25	2010/01/25	BD88	Vente	XEG	(870)	18,060	CAD	15 712,20	0,00	3 068,61	0,00	0,00	0,000	24 871,86
800082-RE	2010/01/25	2010/01/25	BD88	Vente	SNC	(200)	52,300	CAD	10 460,00	0,00	4 421,33	0,00	0,00	0,000	9 159,66
800082-RE	2010/01/25	2010/01/25	BD88	Achat	TRP	200	34,950	CAD	(6 990,00)	0,00	0,00	0,00	0,00	0,000	(1 300,34)
800082-FS	2010/01/25	2010/01/25	BD88	Intérêts	R40289	1 300	0,000	CAD	36,77	0,00	0,00	0,00	0,00	0,000	12 919,00
800081-LY	2010/01/25	2010/01/25	BD66	Intérêts	V46119	14 000	0,000	CAD	343,00	0,00	0,00	0,00	0,00	0,000	1 958,90
800079-NA	2010/01/25	2010/01/25	BD66	Intérêts	V46119	13 000	0,000	CAD	318,50	0,00	0,00	0,00	0,00	0,000	642,14
800079-GT	2010/01/25	2010/01/25	BD66	Intérêts	V46119	14 000	0,000	CAD	343,00	0,00	0,00	0,00	0,00	0,000	1 185,97
800075-SF	2010/01/25	2010/01/25	BD88	Transfert	1USD	0,00	0,000	USD	(15 918,60)	0,00	0,00	0,00	0,00	0,000	85,00
800075-SF	2010/01/25	2010/01/25	BD88	Dividendes	GE	1 000	0,000	USD	85,00	0,00	0,00	0,00	15,00	0,000	16 003,60
800075-RE	2010/01/25	2010/01/25	BD88	Transfert	1CAD	0,00	0,000	CAD	16 714,53	0,00	0,00	0,00	0,00	0,000	69 818,98
800075-RE	2010/01/25	2010/01/25	BD88	Achat	M02900	60 823	57,543	CAD	(34 999,48)	0,00	0,00	0,00	0,00	0,000	53 104,45
800074-SF	2010/01/25	2010/01/25	BD66	Dividendes	GE	400	0,000	USD	34,00	0,00	0,00	0,00	6,00	0,000	2 745,40
800074-RE	2010/01/25	2010/01/25	BD66	Intérêts	Q61649	22 000	0,000	CAD	1 210,00	0,00	0,00	0,00	0,00	0,000	4 250,44
800073-NA	2010/01/25	2010/01/25	AC42	Intérêts	Q47689	33 000	0,000	CAD	742,50	0,00	0,00	0,00	0,00	0,000	12 942,57
800069-LV	2010/01/25	2010/01/25	BD88	Dividendes	GE	165	0,000	CAD	17,46	0,00	0,00	0,00	0,00	0,000	4 501,46
800067-SF	2010/01/25	2010/01/25	BD66	Dividendes	GE	135	0,000	USD	11,47	0,00	0,00	0,00	2,03	0,000	3 453,39
800067-RE	2010/01/25	2010/01/25	BD66	Dividendes	CP	255	0,000	CAD	63,11	0,00	0,00	0,00	0,00	0,000	10 723,72
800067-OB	2010/01/25	2010/01/25	BD66	Vente	PEP	(10)	60,393	USD	603,92	0,00	51,03	0,00	0,01	0,000	1 523,77
800067-OB	2010/01/25	2010/01/25	BD66	Fractionnement	TSL	15	0,000	USD	0,00	0,00	0,00	0,00	0,00	0,000	919,85
800067-OB	2010/01/25	2010/01/25	BD66	Achat	TSL	17	21,930	USD	(372,81)	0,00	0,00	0,00	0,00	0,000	919,85
800066-ZM	2010/01/25	2010/01/22	AC42	Dividendes	MFC432	2,004	13,177	CAD	0,00	0,00	0,00	0,00	0,00	0,000	2 725,53
800066-GT	2010/01/25	2010/01/22	AC42	Dividendes	MFC302	1,460	13,177	CAD	0,00	0,00	0,00	0,00	0,00	0,000	13 445,90
800062-OB	2010/01/25	2010/01/25	AC42	Dividendes	GE	200	0,000	USD	17,00	0,00	0,00	0,00	3,00	0,000	35 682,15
800059-FS	2010/01/25	2010/01/25	AC42	Intérêts	Q61649	5 012	0,000	CAD	275,66	0,00	0,00	0,00	0,00	0,000	5 393,06
800058-RE	2010/01/25	2010/01/25	AC42	Dividendes	GE	65	0,000	CAD	5,84	0,00	0,00	0,00	1,04	0,000	6 765,89
800058-FS	2010/01/25	2010/01/25	AC42	Intérêts	Q61649	1 400	0,000	CAD	77,00	0,00	0,00	0,00	0,00	0,000	2 612,16
800056-FS	2010/01/25	2010/01/25	AC42	Intérêts	Q61649	6 689	0,000	CAD	367,90	0,00	0,00	0,00	0,00	0,000	368,09
800054-FS	2010/01/25	2010/01/25	BD88	Dividendes	GE	40	0,000	CAD	4,23	0,00	0,00	0,00	0,00	0,000	16 845,54
800053-NA	2010/01/25	2010/01/22	BD66	Dividendes	MFC285	2,440	17,306	CAD	0,00	0,00	0,00	0,00	0,00	0,000	8 754,62
800053-FS	2010/01/25	2010/01/22	BD66	Dividendes	MFC285	4,261	17,306	CAD	0,00	0,00	0,00	0,00	0,00	0,000	728,25
800049-OB	2010/01/25	2010/01/25	AC42	Dividendes	GE	300	0,000	USD	25,50	0,00	0,00	0,00	4,50	0,000	9 180,42
800048-NA	2010/01/25	2010/01/25	AC55	Retrait	1CAD	0,00	0,000	CAD	(2 000,00)	0,00	0,00	0,00	0,00	0,000	(464,60)
800046-NA	2010/01/25	2010/01/25	AC55	Dividendes	GE	112	0,000	CAD	10,07	0,00	0,00	0,00	1,78	0,000	8 391,61
800043-SF	2010/01/25	2010/01/25	AC42	Dividendes	GE	400	0,000	USD	40,00	0,00	0,00	0,00	0,00	0,000	4 310,85
800041-NA	2010/01/25	2010/01/25	AC44	Dividendes	CP	1 100	0,000	CAD	272,25	0,00	0,00	0,00	0,00	0,000	143 256,11
800041-FS	2010/01/25	2010/01/25	AC44	Dividendes	LIF.UN	1 800	0,000	CAD	900,00	0,00	0,00	0,00	0,00	0,000	94 546,82
800035-HU	2010/01/25	2010/01/25	AC44	Dividendes	CP	200	0,000	CAD	49,50	0,00	0,00	0,00	0,00	0,000	5 572,69
800030-GT	2010/01/25	2010/01/22	AC55	Dividendes	MFC756	0,000	0,000	CAD	50,92	0,00	0,00	0,00	0,00	0,000	15 516,50
800022-NA	2010/01/25	2010/01/25	AC44	Dividendes	GE	500	0,000	CAD	44,96	0,00	0,00	0,00	7,94	0,000	4 410,32
800021-NA	2010/01/25	2010/01/25	AC44	Retrait	1CAD	0,00	0,000	CAD	(4 000,00)	0,00	0,00	0,00	0,00	0,000	(4 000,00)
800021-NA	2010/01/25	2010/01/22	AC44	Vente	NBC100	(1 488,220)	1,000	CAD	1 488,22	0,00	0,00	0,00	0,00	0,000	0,00
800021-FS	2010/01/25	2010/01/25	AC44	Intérêts	V46119	46 750	0,000	CAD	1 145,38	0,00	0,00	0,00	0,00	0,000	(26 713,18)
800021-FS	2010/01/25	2010/01/25	AC44	Achat	CJP	900	9,610	CAD	(8 854,41)	205,41	0,00	0,00	0,00	0,000	(27 858,56)
800021-FS	2010/01/25	2010/01/25	AC44	Dividendes	IEF.UN	2 000	0,000	CAD	166,68	0,00	0,00	0,00	0,00	0,000	(19 004,15)
800021-FS	2010/01/25	2010/01/25	AC44	Achat	XIN	500	17,670	CAD	(9 042,62)	207,62	0,00	0,00	0,00	0,000	(19 170,83)
800021-FS	2010/01/25	2010/01/25	AC44	Achat	XEM	375	23,950	CAD	(9 194,55)	213,30	0,00	0,00	0,00	0,000	(10 128,21)
800021-FS	2010/01/25	2010/01/25	AC44	Achat	XSU	650	13,580	CAD	(9 036,64)	209,64	0,00	0,00	0,00	0,000	(933,66)
800020-RE	2010/01/25	2010/01/22	AC42	Retrait	1CAD	0,00	0,000	CAD	(47,65)	0,00	0,00	0,00	0,00	0,000	113 045,51
800013-OB	2010/01/25	2010/01/25	AC55	Achat	CCS.PR.C	600	19,450	CAD	(11 670,00)	0,00	0,00	0,00	0,00	0,000	55 541,99
800011-NA	2010/01/25	2010/01/22	AC42	Vente	NBC100	(4 100,000)	1,000	CAD	4 100,00	0,00	0,00	0,00	0,00	0,000	5 014,19
800010-JJ	2010/01/25	2010/01/25	AC42	Intérêts	R86864	26 000	0,000	CAD	1 097,20	0,00	0,00	0,00	0,00	0,000	1 097,20
800008-OB	2010/01/25	2010/01/25	AC42	Achat	AAPL	200	203,140	USD	(40 753,00)	125,00	0,00	0,00	0,00	0,000	233 938,96
800008-NA	2010/01/25	2010/01/25	AC42	Dividendes	CP	92	0,000	CAD	22,77	0,00	0,00	0,00	0,00	0,000	5 943,20
800007-NA	2010/01/25	2010/01/22	AC42	Vente	NBC100	(79 000,000)	1,000	CAD	79 000,00	0,00	0,00	0,00	0,00	0,000	(811,54)
800006-NA	2010/01/25	2010/01/25	AC42	Dividendes	CP	244	0,000	CAD	60,39	0,00	0,00	0,00	0,00	0,000	(22 607,83)
800006-GT	2010/01/25	2010/01/25	AC42	Dividendes	CP	436	0,000	CAD	107,91	0,00	0,00	0,00	0,00	0,000	577,75
800003-NA	2010/01/25	2010/01/25	AC42	Dividendes	CP	238	0,000	CAD	58,91	0,00	0,00	0,00	0,00	0,000	6 499,10
800002-NA	2010/01/25	2010/01/25	AC42	Dividendes	CP	500	0,000	CAD	123,75	0,00	0,00	0,00	0,00	0,000	32 554,52
800001-OB	2010/01/25	2010/01/25	AC42	Dividendes	GE	800	0,000	USD	68,00	0,00	0,00	0,00	12,00	0,000	46 832,77
800001-NA	2010/01/25	2010/01/25	AC42	Dividendes	CP	400	0,000	CAD	99,00	0,00	0,00	0,00	0,00	0,000	(15 381,69)
300015-NA	2010/01/25	2010/01/16	BD88	Transfert	ABX	500	23,540	CAD	0,00	0,00	0,00	0,00	0,00	0,000	3 292,60
300015-NA	2010/01/25	2009/07/08	BD88	Achat	NA.AL	10	1,690	CAD	(1 707,40)	16,90	0,00	0,00	0,50	0,000	3 292,60
300015-NA	2010/01/25	2009/04/01	BD88	Dépôt	1CAD	0,00	0,000	CAD	5 000,00	0,00	0,00	0,00	0,00	0,000	5 000,00
300014-NA	2010/01/25	2010/01/22	BD88	Achat	B87545	10 000	112,700	CAD	(11 331,57)	112,00	0,00	(61,07)	0,50	0,000	26 764,47
300014-NA	2010/01/25	2010/01/21	BD88	Vente	M22762	(5 000)	93,500	USD	4 908,25	93,00	(451,66)	0,00	0,50	0,000	38 096,04
300014-NA	2010/01/25	2010/01/20	BD88	Achat	M61475	10 000	90,000	CAD	(9 000,50)	90,00	0,00	0,00	0,50	0,000	33 187,79
300014-NA	2010/01/25	2010/01/15	BD88	Remboursement	V61248	0	0,000	CAD	31,80	0,00	0,00	0,00	0,00	0,000	42 188,29
300014-NA	2010/01/25	2010/01/15	BD88	Intérêts	V61248	0	0,000	CAD	200,00	0,00	0,00	0,00	0,00	0,000	42 156,49
300014-NA	2010/01/25	2010/01/14	BD88	Vente	L05144	(10 000)	99,955	CAD	9 995,50	99,00	(1,44)	0,00	0,50	0,000	41 956,49
300014-NA	2010/01/25	2009/12/23	BD88	Achat	M22762	10 000	93,000	USD	(9 765,50)	93,00	0,00	0,00	0,50	0,000	31 960,99
300014-NA	2010/01/25	2009/12/18	BD88	Remboursement	B87545	10 000	0,000	CAD	85,00	0,00	0,00	0,00	0,00	0,000	41 726,49
300014-NA	2010/01/25	2009/12/18	BD88	Intérêts	B87545	0	0,000	CAD	200,00	0,00	0,00	0,00	0,00	0,000	41 641,49
300014-NA	2010/01/25	2009/12/15	BD88	Remboursement	V61248	0	0,000	CAD	31,80	0,00	0,00	0,00	0,00	0,000	41 441,49
300014-NA	2010/01/25	2009/12/15	BD88	Intérêts	V61248	0	0,000	CAD	200,00	0,00	0,00	0,00	0,00	0,000	41 409,69
300014-NA	2010/01/25	2009/12/09	BD88	Achat	L05144	20 000	99,900	CAD	(19 980,50)	194,00	0,00	0,00	0,50	0,000	41 209,69
300014-NA	2010/01/25	2009/12/01	BD88	Remboursement	M89953	(20 000)	100,000	CAD	20 000,00	0,00	0,00	0,00	0,00	0,000	61 190,19
300014-NA	2010/01/25	2009/11/15	BD88	Remboursement	V61248	0	0,000	CAD	31,80	0,00	0,00	0,00	0,00	0,000	41 190,19
300014-NA	2010/01/25	2009/11/15	BD88	Intérêts	V61248	0	0,000	CAD	200,00	0,00	0,00	0,00	0,00	0,000	41 158,39
300014-NA	2010/01/25	2009/10/15	BD88	Remboursement	V61248	0	0,000	CAD	31,80	0,00	0,00	0,00	0,00	0,000	40 958,39
300014-NA	2010/01/25	2009/10/15	BD88	Intérêts	V61248	0	0,000	CAD	200,00	0,00	0,00	0,00	0,00	0,000	40 926,59
300014-NA	2010/01/25	2009/10/01	BD88	Achat	M89953	10 000	99,953	CAD	(9 995,80)	98,50	0,00	0,00	0,50	0,000	40 726,59
300014-NA	2010/01/25	2009/09/15	BD88	Remboursement	V61248	0	0,000	CAD	31,80	0,00	0,00	0,00	0,00	0,000	50 722,39
300014-NA	2010/01/25	2009/09/15	BD88	Intérêts	V61248	0	0,000	CAD	200,00	0,00	0,00	0,00	0,00	0,000	50 690,59
300014-NA	2010/01/25	2009/08/15	BD88	Remboursement	V61248	0	0,000	CAD	31,80	0,00	0,00	0,00	0,00	0,000	50 490,59
300014-NA	2010/01/25	2009/08/15	BD88	Intérêts	V61248	0	0,000	CAD	200,00	0,00	0,00	0,00	0,00	0,000	50 458,79
300014-NA	2010/01/25	2009/08/15	BD88	Remboursement	M80675	0	0,000	CAD	50,00	0,00	0,00	0,00	0,00	0,000	50 258,79
300014-NA	2010/01/25	2009/08/15	BD88	Intérêts	M80675	0	0,000	CAD	500,00	0,00	0,00	0,00	0,00	0,000	50 208,79
300014-NA	2010/01/25	2009/07/29	BD88	Achat	M80675	10 000	154,000	CAD	(15 904,92)	155,00	0,00	(504,42)	0,50	0,000	49 708,79
300014-NA	2010/01/25	2009/07/15	BD88	Remboursement	V61248	0	0,000	CAD	31,80	0,00	0,00	0,00	0,00	0,000	65 613,71
300014-NA	2010/01/25	2009/07/15	BD88	Intérêts	V61248	0	0,000	CAD	200,00	0,00	0,00	0,00	0,00	0,000	65 581,91
300014-NA	2010/01/25	2009/06/15	BD88	Remboursement	V61248	0	0,000	CAD	31,80	0,00	0,00	0,00	0,00	0,000	65 381,91
300014-NA	2010/01/25	2009/06/15	BD88	Intérêts	V61248	0	0,000	CAD	200,00	0,00	0,00	0,00	0,00	0,000	65 350,11
300014-NA	2010/01/25	2009/05/15	BD88	Remboursement	V61248	0	0,000	CAD	31,80	0,00	0,00	0,00	0,00	0,000	65 150,11
300014-NA	2010/01/25	2009/05/15	BD88	Intérêts	V61248	0	0,000	CAD	200,00	0,00	0,00	0,00	0,00	0,000	65 118,31
300014-NA	2010/01/25	2009/05/14	BD88	Remboursement	A02479	(10 000)	100,000	CAD	10 000,00	0,00	0,00	0,00	0,00	0,000	64 918,31
300014-NA	2010/01/25	2009/04/16	BD88	Achat	V61248	10 000	97,000	CAD	(9 918,08)	97,00	0,00	(3 120,75)	0,50	0,000	54 918,31
300014-NA	2010/01/25	2009/04/15	BD88	Achat	L05144	20 000	99,960	CAD	(19 992,50)	199,00	0,00	0,00	0,50	0,000	64 836,39
300014-NA	2010/01/25	2009/04/14	BD88	Remboursement	P45616	(20 000)	100,000	USD	24 200,00	0,00	0,00	0,00	0,00	0,000	84 828,89
300014-NA	2010/01/25	2009/04/07	BD88	Achat	M85972	10 000	37,000	CAD	(3 700,50)	47,00	0,00	0,00	0,50	0,000	60 628,89
300014-NA	2010/01/25	2009/04/06	BD88	Achat	P45616	10 000	99,900	USD	(12 388,10)	124,00	0,00	0,00	0,50	0,000	64 329,39
300014-NA	2010/01/25	2009/04/03	BD88	Achat	B87545	10 000	108,700	CAD	(11 215,01)	108,00	0,00	(344,51)	0,50	0,000	76 717,49
300014-NA	2010/01/25	2009/04/03	BD88	Achat	M61475	10 000	80,000	CAD	(8 000,50)	80,00	0,00	0,00	0,50	0,000	87 932,50
300014-NA	2010/01/25	2009/04/03	BD88	Achat	M22762	20 000	88,500	USD	(21 771,50)	177,00	0,00	0,00	0,50	0,000	95 933,00
300014-NA	2010/01/25	2009/04/03	BD88	Achat	M89953	10 000	99,500	CAD	(9 950,50)	98,50	0,00	0,00	0,50	0,000	117 704,50
300014-NA	2010/01/25	2009/04/02	BD88	Achat	A02479	10 000	99,960	CAD	(9 996,50)	99,96	0,00	0,00	0,50	0,000	127 655,00
300014-NA	2010/01/25	2009/04/01	BD88	Achat	P45616	10 000	98,000	USD	(12 348,50)	123,48	0,00	0,00	0,50	0,000	137 651,50
300014-NA	2010/01/25	2009/04/01	BD88	Dépôt	1CAD	0,00	0,000	CAD	150 000,00	0,00	0,00	0,00	0,00	0,000	150 000,00
300012-NA	2010/01/25	2010/01/25	BD88	Frais de gestion	1CAD	0,00	0,000	CAD	(125,00)	0,00	0,00	0,00	0,00	0,000	145 175,96
300012-NA	2010/01/25	2010/01/19	BD88	Frais de gestion	1CAD	0,00	0,000	CAD	(125,00)	0,00	0,00	0,00	0,00	0,000	145 300,96
300012-NA	2010/01/25	2010/01/19	BD88	Dividendes	DIS	0	0,000	CAD	19,95	0,00	0,00	0,00	0,00	0,000	145 425,96
300012-NA	2010/01/25	2010/01/19	BD88	Dividendes	DIS	5	31,010	USD	0,00	0,00	0,00	0,00	0,00	0,000	145 406,01
300012-NA	2010/01/25	2010/01/04	BD88	Retrait	1CAD	0,00	0,000	CAD	(5 000,00)	0,00	0,00	0,00	0,00	0,000	145 406,01
300012-NA	2010/01/25	2009/12/31	BD88	Vente	NA	(510)	60,000	CAD	30 906,50	306,00	9 041,50	0,00	0,50	0,000	150 406,01
300012-NA	2010/01/25	2009/12/31	BD88	Frais de gestion	1CAD	0,00	0,000	CAD	(125,00)	0,00	0,00	0,00	0,00	0,000	119 499,51
300012-NA	2010/01/25	2009/12/15	BD88	Dividendes	ABX	0	0,000	CAD	106,05	0,00	0,00	0,00	0,00	0,000	119 624,51
300012-NA	2010/01/25	2009/11/01	BD88	Dividendes	NA	5	56,390	CAD	0,00	0,00	0,00	0,00	0,00	0,000	119 518,46
300012-NA	2010/01/25	2009/11/01	BD88	Dividendes	NA	0	0,000	CAD	31,15	0,00	0,00	0,00	0,00	0,000	119 518,46
300012-NA	2010/01/25	2009/08/31	BD88	Intérêts	1CAD	0,00	0,000	CAD	325,56	0,00	0,00	0,00	0,00	0,000	119 487,31
300012-NA	2010/01/25	2009/08/01	BD88	Dividendes	NA	5	58,110	CAD	0,00	0,00	0,00	0,00	0,00	0,000	119 161,75
300012-NA	2010/01/25	2009/08/01	BD88	Dividendes	NA	0	0,000	CAD	19,45	0,00	0,00	0,00	0,00	0,000	119 161,75
300012-NA	2010/01/25	2009/07/31	BD88	Intérêts	1CAD	0,00	0,000	CAD	348,32	0,00	0,00	0,00	0,00	0,000	119 142,30
300012-NA	2010/01/25	2009/06/30	BD88	Intérêts	1CAD	0,00	0,000	CAD	473,68	0,00	0,00	0,00	0,00	0,000	118 793,98
300012-NA	2010/01/25	2009/06/15	BD88	Dividendes	ABX	0	0,000	CAD	113,30	0,00	0,00	0,00	0,00	0,000	118 320,30
300012-NA	2010/01/25	2009/05/31	BD88	Intérêts	1CAD	0,00	0,000	CAD	1 000,00	0,00	0,00	0,00	0,00	0,000	118 207,00
300012-NA	2010/01/25	2009/04/30	BD88	Intérêts	1CAD	0,00	0,000	CAD	1 000,00	0,00	0,00	0,00	0,00	0,000	117 207,00
300012-NA	2010/01/25	2009/04/03	BD88	Achat	NA	500	42,500	CAD	(21 292,50)	42,00	0,00	0,00	0,50	0,000	116 207,00
300012-NA	2010/01/25	2009/04/03	BD88	Achat	DIS	500	20,000	USD	(12 500,50)	200,00	0,00	0,00	0,50	0,000	137 499,50
300012-NA	2010/01/25	2009/04/01	BD88	Transfert	ABX	500	23,540	CAD	0,00	0,00	0,00	0,00	0,00	0,000	150 000,00
300012-NA	2010/01/25	2009/04/01	BD88	Transfert	PJC.A	500	16,440	CAD	0,00	0,00	0,00	0,00	0,00	0,000	150 000,00
300012-NA	2010/01/25	2009/04/01	BD88	Dépôt	1CAD	0,00	0,000	CAD	150 000,00	0,00	0,00	0,00	0,00	0,000	150 000,00
300011-NA	2010/01/25	2009/10/28	BD88	Remboursement	AGF420	(0,803)	0,000	CAD	0,00	0,00	(4,82)	0,00	0,00	0,000	21 400,00
300011-NA	2010/01/25	2009/10/23	BD88	Vente	AGF420	(491,000)	6,100	CAD	3 000,00	0,00	55,38	0,00	0,00	0,000	21 400,00
300011-NA	2010/01/25	2009/09/23	BD88	Achat	AGF420	0,458	0,000	CAD	0,00	0,00	0,00	0,00	0,00	0,000	18 400,00
300011-NA	2010/01/25	2009/09/18	BD88	Achat	AGF420	1 262,000	6,020	CAD	(7 600,00)	228,00	0,00	0,00	0,00	0,000	18 400,00
300011-NA	2010/01/25	2009/08/20	BD88	Achat	AGF420	0,678	0,000	CAD	0,00	0,00	0,00	0,00	0,00	0,000	26 000,00
300011-NA	2010/01/25	2009/08/17	BD88	Achat	AGF420	4 006,000	5,990	CAD	(24 000,00)	720,00	0,00	0,00	0,00	0,000	26 000,00
300011-NA	2010/01/25	2009/04/01	BD88	Dépôt	1CAD	0,00	0,000	CAD	50 000,00	0,00	0,00	0,00	0,00	0,000	50 000,00
300010-OB	2010/01/25	2010/01/25	BD88	Vente	CBS	(250)	13,330	USD	3 298,67	33,33	2 074,69	0,00	0,50	0,000	276 630,41
300010-OB	2010/01/25	2010/01/22	BD88	Vente	TML204	(100,000)	10,000	CAD	939,50	10,00	127,97	0,00	0,50	0,000	273 331,74
300010-OB	2010/01/25	2010/01/22	BD88	Vente	GGF412	(100,000)	10,000	USD	989,50	10,00	(20,32)	0,00	0,50	0,000	272 392,24
300010-OB	2010/01/25	2010/01/22	BD88	Vente	YHOO	(500)	16,000	USD	7 919,50	80,00	(329,33)	0,00	0,50	0,000	271 402,74
300010-OB	2010/01/25	2010/01/22	BD88	Vente	Y23105	(2 000)	228,160	CAD	4 383,24	228,00	477,37	47,70	0,50	0,000	263 483,24
300010-OB	2010/01/25	2010/01/21	BD88	Vente	M22762	(5 000)	93,500	USD	4 674,50	490,00	121,46	0,00	0,50	0,000	259 100,00
300010-OB	2010/01/25	2010/01/19	BD88	Dividendes	DIS	0	0,000	USD	19,95	0,00	0,00	0,00	0,00	0,000	254 425,50
300010-OB	2010/01/25	2010/01/19	BD88	Dividendes	DIS	5	31,010	USD	0,00	0,00	0,00	0,00	0,00	0,000	254 405,55
300010-OB	2010/01/25	2010/01/15	BD88	Vente	M85972	(5 000)	42,000	USD	2 037,50	42,00	355,88	0,00	0,50	0,000	254 405,55
300010-OB	2010/01/25	2009/12/31	BD88	Vente	NA	(510)	60,000	CAD	28 763,50	306,00	10 976,07	0,00	0,50	0,000	252 368,05
300010-OB	2010/01/25	2009/12/31	BD88	Dividendes	TML204	1,787	10,000	CAD	0,00	0,00	0,00	0,00	0,00	0,000	223 604,55
300010-OB	2010/01/25	2009/12/31	BD88	Achat	CBS	500	4,750	USD	(2 447,96)	72,46	0,00	0,00	0,50	0,000	223 604,55
300010-OB	2010/01/25	2009/12/30	BD88	Achat	GGF412	300,000	10,000	USD	(3 030,00)	30,00	0,00	0,00	0,00	0,000	226 052,51
300010-OB	2010/01/25	2009/12/29	BD88	Achat	R13369	2 000	105,000	USD	(2 234,17)	105,00	0,00	(133,67)	0,50	0,000	229 082,51
300010-OB	2010/01/25	2009/12/21	BD88	Vente	B87545	(1 000)	110,000	CAD	1 034,38	11,00	66,82	(0,12)	0,50	0,000	231 316,68
300010-OB	2010/01/25	2009/12/18	BD88	Vente	AGF420	(1 998,201)	6,150	CAD	12 165,55	122,88	997,14	0,00	0,50	0,000	230 282,30
300010-OB	2010/01/25	2009/12/18	BD88	Intérêts	B87545	0	0,000	USD	186,87	0,00	0,00	0,00	0,00	0,000	218 116,75
300010-OB	2010/01/25	2009/12/15	BD88	Dividendes	ABX	0	0,000	USD	206,42	0,00	0,00	0,00	0,00	0,000	217 929,88
300010-OB	2010/01/25	2009/12/11	BD88	Achat	Y23105	10 000	227,000	CAD	(21 532,69)	227,00	0,00	(194,19)	0,50	0,000	217 723,46
300010-OB	2010/01/25	2009/12/01	BD88	Remboursement	M89953	(20 000)	100,000	CAD	19 120,00	0,00	2 606,90	0,00	0,00	0,000	239 256,15
300010-OB	2010/01/25	2009/11/30	BD88	Dividendes	TML204	0,862	10,000	CAD	0,00	0,00	0,00	0,00	0,00	0,000	220 136,15
300010-OB	2010/01/25	2009/11/30	BD88	Dividendes	AGF420	44,352	6,150	CAD	0,00	0,00	0,00	0,00	0,00	0,000	220 136,15
300010-OB	2010/01/25	2009/11/27	BD88	Achat	YHOO	500	15,000	USD	(7 575,50)	75,00	0,00	0,00	0,50	0,000	220 136,15
300010-OB	2010/01/25	2009/11/13	BD88	Vente	DIS	(500)	30,000	USD	14 842,50	157,00	3 924,50	0,00	0,50	0,000	227 711,65
300010-OB	2010/01/25	2009/11/03	BD88	Achat	B87545	10 000	112,000	CAD	(10 733,45)	112,00	0,00	(204,95)	0,50	0,000	212 869,15
300010-OB	2010/01/25	2009/11/01	BD88	Dividendes	NA	5	56,390	CAD	0,00	0,00	0,00	0,00	0,00	0,000	223 602,60
300010-OB	2010/01/25	2009/11/01	BD88	Dividendes	NA	0	0,000	USD	19,62	0,00	0,00	0,00	0,00	0,000	223 602,60
300010-OB	2010/01/25	2009/10/31	BD88	Dividendes	GGF412	3,331	10,000	USD	0,00	0,00	0,00	0,00	0,00	0,000	223 582,98
300010-OB	2010/01/25	2009/10/30	BD88	Dividendes	TML204	0,834	10,000	CAD	0,00	0,00	0,00	0,00	0,00	0,000	223 582,98
300010-OB	2010/01/25	2009/10/30	BD88	Dividendes	AGF420	43,555	6,110	CAD	0,00	0,00	0,00	0,00	0,00	0,000	223 582,98
300010-OB	2010/01/25	2009/10/16	BD88	Achat	YHOO	500	17,000	USD	(8 585,50)	85,00	0,00	0,00	0,50	0,000	223 582,98
300010-OB	2010/01/25	2009/09/30	BD88	Dividendes	GGF412	3,210	10,000	USD	0,00	0,00	0,00	0,00	0,00	0,000	232 168,48
300010-OB	2010/01/25	2009/09/30	BD88	Dividendes	TML204	0,833	10,000	CAD	0,00	0,00	0,00	0,00	0,00	0,000	232 168,48
300010-OB	2010/01/25	2009/09/30	BD88	Dividendes	AGF420	42,182	6,060	CAD	0,00	0,00	0,00	0,00	0,00	0,000	232 168,48
300010-OB	2010/01/25	2009/09/24	BD88	Vente	R13369	(1 000)	103,000	USD	1 040,18	103,00	33,63	9,68	0,50	0,000	232 168,48
300010-OB	2010/01/25	2009/09/10	BD88	Achat	AGF420	1 868,112	6,000	CAD	(10 424,06)	0,00	0,00	0,00	0,00	0,000	231 128,30
300010-OB	2010/01/25	2009/08/31	BD88	Dividendes	GGF412	3,325	10,000	USD	0,00	0,00	0,00	0,00	0,00	0,000	241 552,36
300010-OB	2010/01/25	2009/08/31	BD88	Intérêts	1USD	0,00	0,000	USD	325,56	0,00	0,00	0,00	0,00	0,000	241 552,36
300010-OB	2010/01/25	2009/08/31	BD88	Dividendes	TML204	0,899	10,000	CAD	0,00	0,00	0,00	0,00	0,00	0,000	241 226,80
300010-OB	2010/01/25	2009/08/17	BD88	Achat	R13369	10 000	99,582	USD	(10 005,33)	99,00	0,00	(46,63)	0,50	0,000	241 226,80
300010-OB	2010/01/25	2009/08/01	BD88	Dividendes	NA	5	58,110	CAD	0,00	0,00	0,00	0,00	0,00	0,000	251 232,13
300010-OB	2010/01/25	2009/08/01	BD88	Dividendes	NA	0	0,000	USD	12,64	0,00	0,00	0,00	0,00	0,000	251 232,13
300010-OB	2010/01/25	2009/07/31	BD88	Dividendes	GGF412	3,292	10,000	USD	0,00	0,00	0,00	0,00	0,00	0,000	251 219,49
300010-OB	2010/01/25	2009/07/31	BD88	Dividendes	TML204	2,520	10,000	CAD	0,00	0,00	0,00	0,00	0,00	0,000	251 219,49
300010-OB	2010/01/25	2009/07/31	BD88	Intérêts	1USD	0,00	0,000	USD	348,32	0,00	0,00	0,00	0,00	0,000	251 219,49
300010-OB	2010/01/25	2009/07/20	BD88	Achat	YHOO	500	17,000	USD	(8 585,50)	85,00	0,00	0,00	0,50	0,000	250 871,17
300010-OB	2010/01/25	2009/07/02	BD88	Achat	M22762	10 000	90,000	USD	(9 000,50)	104,00	0,00	0,00	0,50	0,000	259 456,67
300010-OB	2010/01/25	2009/06/30	BD88	Dividendes	TML204	1,737	10,000	CAD	0,00	0,00	0,00	0,00	0,00	0,000	268 457,17
300010-OB	2010/01/25	2009/06/30	BD88	Dividendes	GGF412	3,257	10,000	USD	0,00	0,00	0,00	0,00	0,00	0,000	268 457,17
300010-OB	2010/01/25	2009/06/30	BD88	Intérêts	1USD	0,00	0,000	USD	473,68	0,00	0,00	0,00	0,00	0,000	268 457,17
300010-OB	2010/01/25	2009/06/22	BD88	Achat	ABX	1 000	37,000	CAD	(32 560,50)	370,00	0,00	0,00	0,50	0,000	267 983,49
300010-OB	2010/01/25	2009/06/15	BD88	Dividendes	ABX	0	0,000	USD	217,43	0,00	0,00	0,00	0,00	0,000	300 543,99
300010-OB	2010/01/25	2009/06/12	BD88	Achat	M85972	10 000	39,000	CAD	(3 471,50)	39,00	0,00	0,00	0,50	0,000	300 326,56
300010-OB	2010/01/25	2009/05/31	BD88	Dividendes	GGF412	3,283	10,000	USD	0,00	0,00	0,00	0,00	0,00	0,000	303 798,06
300010-OB	2010/01/25	2009/05/31	BD88	Intérêts	1USD	0,00	0,000	USD	1 000,00	0,00	0,00	0,00	0,00	0,000	303 798,06
300010-OB	2010/01/25	2009/05/29	BD88	Dividendes	TML204	3,684	10,000	CAD	0,00	0,00	0,00	0,00	0,00	0,000	302 798,06
300010-OB	2010/01/25	2009/05/26	BD88	Vente	ABX	(1 000)	22,000	CAD	36 959,50	420,00	14 761,43	0,00	0,50	0,000	302 798,06
300010-OB	2010/01/25	2009/05/05	BD88	Achat	DIS	500	23,000	USD	(11 635,50)	135,00	0,00	0,00	0,50	0,000	265 838,56
300010-OB	2010/01/25	2009/04/30	BD88	Dividendes	TML204	4,675	10,000	CAD	0,00	0,00	0,00	0,00	0,00	0,000	277 474,06
300010-OB	2010/01/25	2009/04/30	BD88	Dividendes	GGF412	3,175	10,000	USD	0,00	0,00	0,00	0,00	0,00	0,000	277 474,06
300010-OB	2010/01/25	2009/04/30	BD88	Intérêts	1USD	0,00	0,000	USD	1 000,00	0,00	0,00	0,00	0,00	0,000	277 474,06
300010-OB	2010/01/25	2009/04/29	BD88	Achat	M89953	10 000	99,750	CAD	(8 279,75)	99,75	0,00	0,00	0,50	0,000	276 474,06
300010-OB	2010/01/25	2009/04/29	BD88	Achat	ABX	500	35,000	CAD	(14 700,50)	175,00	0,00	0,00	0,50	0,000	284 753,81
300010-OB	2010/01/25	2009/04/14	BD88	Remboursement	P45616	(20 000)	100,000	USD	20 000,00	0,00	0,00	0,00	0,00	0,000	299 454,31
300010-OB	2010/01/25	2009/04/10	BD88	Achat	Y23105	10 000	212,750	CAD	(17 554,94)	212,00	0,00	(321,69)	0,50	0,000	279 454,31
300010-OB	2010/01/25	2009/04/07	BD88	Achat	M85972	10 000	37,000	CAD	(2 997,50)	47,00	0,00	0,00	0,50	0,000	297 009,25
300010-OB	2010/01/25	2009/04/06	BD88	Achat	P45616	10 000	99,990	USD	(9 999,50)	123,99	0,00	0,00	0,50	0,000	300 006,75
300010-OB	2010/01/25	2009/04/03	BD88	Achat	TML204	1 000,000	10,000	CAD	(8 100,00)	0,00	0,00	0,00	0,00	0,000	310 006,25
300010-OB	2010/01/25	2009/04/03	BD88	Achat	NA	500	42,500	CAD	(17 255,00)	42,00	0,00	0,00	0,50	0,000	318 106,25
300010-OB	2010/01/25	2009/04/03	BD88	Achat	GGF412	950,000	10,000	USD	(9 595,00)	95,00	0,00	0,00	0,00	0,000	335 361,25
300010-OB	2010/01/25	2009/04/03	BD88	Achat	B87545	10 000	108,700	CAD	(9 084,25)	108,00	0,00	(279,05)	0,50	0,000	344 956,25
300010-OB	2010/01/25	2009/04/03	BD88	Achat	M22762	20 000	88,500	USD	(17 700,50)	177,00	0,00	0,00	0,50	0,000	354 040,50
300010-OB	2010/01/25	2009/04/03	BD88	Achat	M89953	10 000	99,500	CAD	(8 060,00)	98,50	0,00	0,00	0,50	0,000	371 741,00
300010-OB	2010/01/25	2009/04/03	BD88	Achat	DIS	500	20,000	USD	(10 200,50)	200,00	0,00	0,00	0,50	0,000	379 801,00
300010-OB	2010/01/25	2009/04/01	BD88	Achat	P45616	10 000	99,980	USD	(9 998,50)	123,48	0,00	0,00	0,50	0,000	390 001,50
300010-OB	2010/01/25	2009/04/01	BD88	Transfert	ABX	1 000	23,540	CAD	0,00	0,00	0,00	0,00	0,00	0,000	400 000,00
300010-OB	2010/01/25	2009/04/01	BD88	Dépôt	1USD	0,00	0,000	USD	400 000,00	0,00	0,00	0,00	0,00	0,000	400 000,00
300010-NA	2010/01/25	2010/01/25	BD88	Vente	CBS	(250)	13,330	USD	3 559,62	33,33	2 062,52	0,00	0,50	0,000	268 852,65
300010-NA	2010/01/25	2010/01/22	BD88	Vente	TML204	(100,000)	10,000	CAD	999,50	10,00	(0,50)	0,00	0,50	0,000	265 293,03
300010-NA	2010/01/25	2010/01/22	BD88	Vente	GGF412	(100,000)	10,000	CAD	1 059,50	10,00	(138,15)	0,00	0,50	0,000	264 293,53
300010-NA	2010/01/25	2010/01/22	BD88	Vente	YHOO	(500)	16,000	CAD	8 399,50	80,00	(424,33)	0,00	0,50	0,000	263 234,03
300010-NA	2010/01/25	2010/01/22	BD88	Vente	Y23105	(2 000)	228,160	CAD	5 077,88	228,00	165,10	514,18	0,50	0,000	254 834,53
300010-NA	2010/01/25	2010/01/21	BD88	Vente	M85539	(1 000)	130,000	USD	1 299,50	130,00	47,73	0,00	0,50	0,000	249 756,65
300010-NA	2010/01/25	2010/01/21	BD88	Vente	M22762	(5 000)	93,500	USD	4 908,25	490,00	(591,03)	0,00	0,50	0,000	248 457,15
300010-NA	2010/01/25	2010/01/19	BD88	Dividendes	DIS	0	0,000	CAD	19,95	0,00	0,00	0,00	0,00	0,000	243 548,90
300010-NA	2010/01/25	2010/01/19	BD88	Dividendes	DIS	5	31,010	USD	0,00	0,00	0,00	0,00	0,00	0,000	243 528,95
300010-NA	2010/01/25	2010/01/16	BD88	Expiration	NA.AL	(10)	0,000	CAD	0,00	0,00	(1 707,40)	0,00	0,00	0,000	243 528,95
300010-NA	2010/01/25	2010/01/15	BD88	Vente	M85972	(5 000)	42,000	CAD	2 099,50	42,00	123,17	0,00	0,50	0,000	243 528,95
300010-NA	2010/01/25	2009/12/31	BD88	Vente	NA	(510)	60,000	CAD	30 906,50	306,00	9 041,50	0,00	0,50	0,000	241 429,45
300010-NA	2010/01/25	2009/12/31	BD88	Dividendes	TML204	1,787	10,000	CAD	0,00	0,00	0,00	0,00	0,00	0,000	210 522,95
300010-NA	2010/01/25	2009/12/31	BD88	Achat	CBS	500	4,750	USD	(2 994,21)	72,46	0,00	0,00	0,50	0,000	210 522,95
300010-NA	2010/01/25	2009/12/30	BD88	Achat	GGF412	300,000	10,000	USD	(3 210,50)	30,00	0,00	0,00	0,00	0,000	213 517,16
300010-NA	2010/01/25	2009/12/29	BD88	Achat	R13369	2 000	105,000	USD	(2 234,17)	105,00	0,00	(49,67)	0,50	0,000	216 727,66
300010-NA	2010/01/25	2009/12/21	BD88	Vente	B87545	(1 000)	110,000	CAD	1 100,44	11,00	(4,05)	(0,06)	0,50	0,000	218 961,83
300010-NA	2010/01/25	2009/12/18	BD88	Vente	AGF420	(1 998,201)	6,150	CAD	12 165,55	122,88	162,37	0,00	0,50	0,000	217 861,39
300010-NA	2010/01/25	2009/12/18	BD88	Intérêts	B87545	0	0,000	CAD	285,00	0,00	0,00	0,00	0,00	0,000	205 695,84
300010-NA	2010/01/25	2009/12/15	BD88	Dividendes	ABX	0	0,000	CAD	318,15	0,00	0,00	0,00	0,00	0,000	205 410,84
300010-NA	2010/01/25	2009/12/11	BD88	Achat	Y23105	10 000	227,000	CAD	(22 906,36)	227,00	0,00	(205,86)	0,50	0,000	205 092,69
300010-NA	2010/01/25	2009/12/01	BD88	Remboursement	M89953	(20 000)	100,000	CAD	20 000,00	0,00	0,00	0,00	0,00	0,000	227 999,05
300010-NA	2010/01/25	2009/11/30	BD88	Dividendes	TML204	0,862	10,000	CAD	0,00	0,00	0,00	0,00	0,00	0,000	207 999,05
300010-NA	2010/01/25	2009/11/30	BD88	Dividendes	AGF420	44,352	6,150	CAD	0,00	0,00	0,00	0,00	0,00	0,000	207 999,05
300010-NA	2010/01/25	2009/11/27	BD88	Achat	YHOO	500	15,000	USD	(8 025,50)	75,00	0,00	0,00	0,50	0,000	207 999,05
300010-NA	2010/01/25	2009/11/13	BD88	Vente	DIS	(500)	30,000	USD	15 592,50	157,00	2 547,00	0,00	0,50	0,000	216 024,55
300010-NA	2010/01/25	2009/11/03	BD88	Achat	B87545	10 000	112,000	CAD	(11 418,53)	112,00	0,00	(218,03)	0,50	0,000	200 432,05
300010-NA	2010/01/25	2009/11/01	BD88	Dividendes	NA	5	56,390	CAD	0,00	0,00	0,00	0,00	0,00	0,000	211 850,58
300010-NA	2010/01/25	2009/11/01	BD88	Dividendes	NA	0	0,000	CAD	31,15	0,00	0,00	0,00	0,00	0,000	211 850,58
300010-NA	2010/01/25	2009/10/31	BD88	Dividendes	GGF412	3,331	10,000	USD	0,00	0,00	0,00	0,00	0,00	0,000	211 819,43
300010-NA	2010/01/25	2009/10/30	BD88	Dividendes	TML204	0,834	10,000	CAD	0,00	0,00	0,00	0,00	0,00	0,000	211 819,43
300010-NA	2010/01/25	2009/10/30	BD88	Dividendes	AGF420	43,555	6,110	CAD	0,00	0,00	0,00	0,00	0,00	0,000	211 819,43
300010-NA	2010/01/25	2009/10/16	BD88	Achat	YHOO	500	17,000	USD	(8 925,50)	85,00	0,00	0,00	0,50	0,000	211 819,43
300010-NA	2010/01/25	2009/10/07	BD88	Vente	M80675	(1 000)	157,000	CAD	1 585,94	15,70	19,45	15,44	0,50	0,000	220 744,93
300010-NA	2010/01/25	2009/09/30	BD88	Dividendes	GGF412	3,210	10,000	USD	0,00	0,00	0,00	0,00	0,00	0,000	219 158,99
300010-NA	2010/01/25	2009/09/30	BD88	Dividendes	TML204	0,833	10,000	CAD	0,00	0,00	0,00	0,00	0,00	0,000	219 158,99
300010-NA	2010/01/25	2009/09/30	BD88	Dividendes	AGF420	42,182	6,060	CAD	0,00	0,00	0,00	0,00	0,00	0,000	219 158,99
300010-NA	2010/01/25	2009/09/24	BD88	Vente	R13369	(1 000)	103,000	USD	1 133,84	103,00	215,65	10,64	0,50	0,000	219 158,99
300010-NA	2010/01/25	2009/09/10	BD88	Achat	AGF420	1 868,112	6,000	CAD	(11 208,67)	0,00	0,00	0,00	0,00	0,000	218 025,15
300010-NA	2010/01/25	2009/09/01	BD88	Remboursement	A21479	(10 000)	100,000	CAD	10 000,00	0,00	99,50	0,00	0,00	0,000	229 233,82
300010-NA	2010/01/25	2009/09/01	BD88	Intérêts	A21479	0	0,000	CAD	212,50	0,00	0,00	0,00	0,00	0,000	219 233,82
300010-NA	2010/01/25	2009/08/31	BD88	Dividendes	GGF412	3,325	10,000	USD	0,00	0,00	0,00	0,00	0,00	0,000	219 021,32
300010-NA	2010/01/25	2009/08/31	BD88	Intérêts	1CAD	0,00	0,000	CAD	325,56	0,00	0,00	0,00	0,00	0,000	219 021,32
300010-NA	2010/01/25	2009/08/31	BD88	Dividendes	TML204	0,899	10,000	CAD	0,00	0,00	0,00	0,00	0,00	0,000	218 695,76
300010-NA	2010/01/25	2009/08/17	BD88	Achat	R13369	10 000	99,582	USD	(10 009,99)	99,00	0,00	944,53	0,50	0,000	218 695,76
300010-NA	2010/01/25	2009/08/17	BD88	Achat	M80675	10 000	155,000	CAD	(15 512,46)	155,00	0,00	(11,96)	0,50	0,000	228 705,75
300010-NA	2010/01/25	2009/08/01	BD88	Dividendes	NA	5	58,110	CAD	0,00	0,00	0,00	0,00	0,00	0,000	244 218,21
300010-NA	2010/01/25	2009/08/01	BD88	Dividendes	NA	0	0,000	CAD	19,45	0,00	0,00	0,00	0,00	0,000	244 218,21
300010-NA	2010/01/25	2009/07/31	BD88	Dividendes	GGF412	3,292	10,000	USD	0,00	0,00	0,00	0,00	0,00	0,000	244 198,76
300010-NA	2010/01/25	2009/07/31	BD88	Dividendes	TML204	2,520	10,000	CAD	0,00	0,00	0,00	0,00	0,00	0,000	244 198,76
300010-NA	2010/01/25	2009/07/31	BD88	Intérêts	1CAD	0,00	0,000	CAD	348,32	0,00	0,00	0,00	0,00	0,000	244 198,76
300010-NA	2010/01/25	2009/07/20	BD88	Achat	YHOO	500	17,000	USD	(9 520,50)	85,00	0,00	0,00	0,50	0,000	243 850,44
300010-NA	2010/01/25	2009/07/08	BD88	Achat	NA.AL	10	1,690	CAD	(1 707,40)	16,90	0,00	0,00	0,50	0,000	253 370,94
300010-NA	2010/01/25	2009/07/02	BD88	Achat	M22762	10 000	90,000	USD	(10 440,50)	104,00	0,00	0,00	0,50	0,000	255 078,34
300010-NA	2010/01/25	2009/06/30	BD88	Dividendes	TML204	1,737	10,000	CAD	0,00	0,00	0,00	0,00	0,00	0,000	265 518,84
300010-NA	2010/01/25	2009/06/30	BD88	Dividendes	GGF412	3,257	10,000	USD	0,00	0,00	0,00	0,00	0,00	0,000	265 518,84
300010-NA	2010/01/25	2009/06/30	BD88	Intérêts	1CAD	0,00	0,000	CAD	473,68	0,00	0,00	0,00	0,00	0,000	265 518,84
300010-NA	2010/01/25	2009/06/22	BD88	Achat	ABX	1 000	37,000	CAD	(37 370,50)	370,00	0,00	0,00	0,50	0,000	265 045,16
300010-NA	2010/01/25	2009/06/15	BD88	Dividendes	ABX	0	0,000	CAD	339,90	0,00	0,00	0,00	0,00	0,000	302 415,66
300010-NA	2010/01/25	2009/06/12	BD88	Achat	M85972	10 000	39,000	CAD	(3 899,50)	39,00	0,00	0,00	0,50	0,000	302 075,76
300010-NA	2010/01/25	2009/05/31	BD88	Dividendes	GGF412	3,283	10,000	USD	0,00	0,00	0,00	0,00	0,00	0,000	305 975,26
300010-NA	2010/01/25	2009/05/31	BD88	Intérêts	1CAD	0,00	0,000	CAD	1 000,00	0,00	0,00	0,00	0,00	0,000	305 975,26
300010-NA	2010/01/25	2009/05/29	BD88	Dividendes	TML204	3,684	10,000	CAD	0,00	0,00	0,00	0,00	0,00	0,000	304 975,26
300010-NA	2010/01/25	2009/05/26	BD88	Vente	ABX	(1 000)	22,000	CAD	41 579,50	420,00	14 102,50	0,00	0,50	0,000	304 975,26
300010-NA	2010/01/25	2009/05/14	BD88	Remboursement	A02479	(20 000)	100,000	CAD	20 000,00	0,00	0,00	0,00	0,00	0,000	263 395,76
300010-NA	2010/01/25	2009/05/05	BD88	Achat	DIS	500	23,000	USD	(13 590,50)	135,00	0,00	0,00	0,50	0,000	243 395,76
300010-NA	2010/01/25	2009/04/30	BD88	Dividendes	TML204	4,675	10,000	CAD	0,00	0,00	0,00	0,00	0,00	0,000	256 986,26
300010-NA	2010/01/25	2009/04/30	BD88	Dividendes	GGF412	3,175	10,000	USD	0,00	0,00	0,00	0,00	0,00	0,000	256 986,26
300010-NA	2010/01/25	2009/04/30	BD88	Intérêts	1CAD	0,00	0,000	CAD	1 000,00	0,00	0,00	0,00	0,00	0,000	256 986,26
300010-NA	2010/01/25	2009/04/29	BD88	Achat	M89953	10 000	99,750	CAD	(9 975,50)	99,75	0,00	0,00	0,50	0,000	255 986,26
300010-NA	2010/01/25	2009/04/29	BD88	Achat	ABX	500	35,000	CAD	(17 675,50)	175,00	0,00	0,00	0,50	0,000	265 961,76
300010-NA	2010/01/25	2009/04/17	BD88	Achat	A02479	10 000	99,980	CAD	(9 998,50)	99,96	0,00	0,00	0,50	0,000	283 637,26
300010-NA	2010/01/25	2009/04/14	BD88	Remboursement	P45616	(20 000)	100,000	USD	24 200,00	0,00	0,00	0,00	0,00	0,000	293 635,76
300010-NA	2010/01/25	2009/04/10	BD88	Achat	Y23105	10 000	212,750	CAD	(21 670,86)	212,00	0,00	(395,36)	0,50	0,000	269 435,76
300010-NA	2010/01/25	2009/04/07	BD88	Achat	M85972	10 000	37,000	CAD	(3 700,50)	47,00	0,00	0,00	0,50	0,000	291 106,62
300010-NA	2010/01/25	2009/04/06	BD88	Achat	P45616	10 000	99,990	USD	(12 399,26)	123,99	0,00	0,00	0,50	0,000	294 807,12
300010-NA	2010/01/25	2009/04/03	BD88	Achat	TML204	1 000,000	10,000	CAD	(10 000,00)	0,00	0,00	0,00	0,00	0,000	307 206,38
300010-NA	2010/01/25	2009/04/03	BD88	Achat	NA	500	42,500	CAD	(21 292,50)	42,00	0,00	0,00	0,50	0,000	317 206,38
300010-NA	2010/01/25	2009/04/03	BD88	Achat	GGF412	950,000	10,000	USD	(11 780,00)	95,00	0,00	0,00	0,00	0,000	338 498,88
300010-NA	2010/01/25	2009/04/03	BD88	Achat	B87545	10 000	108,700	CAD	(11 215,01)	108,00	0,00	(344,51)	0,50	0,000	350 278,88
300010-NA	2010/01/25	2009/04/03	BD88	Achat	M85539	10 000	120,000	CAD	(12 000,50)	120,00	0,00	0,00	0,50	0,000	361 493,89
300010-NA	2010/01/25	2009/04/03	BD88	Achat	M22762	20 000	88,500	USD	(21 771,50)	177,00	0,00	0,00	0,50	0,000	373 494,39
300010-NA	2010/01/25	2009/04/03	BD88	Achat	M89953	10 000	99,500	CAD	(9 950,50)	98,50	0,00	0,00	0,50	0,000	395 265,89
300010-NA	2010/01/25	2009/04/03	BD88	Achat	DIS	500	20,000	USD	(12 500,50)	200,00	0,00	0,00	0,50	0,000	405 216,39
300010-NA	2010/01/25	2009/04/02	BD88	Achat	A02479	10 000	99,960	CAD	(9 996,50)	99,96	0,00	0,00	0,50	0,000	417 716,89
300010-NA	2010/01/25	2009/04/01	BD88	Achat	P45616	10 000	99,980	USD	(12 348,50)	123,48	0,00	0,00	0,50	0,000	427 713,39
300010-NA	2010/01/25	2009/04/01	BD88	Achat	A21479	10 000	99,000	CAD	(9 938,11)	99,00	0,00	(37,61)	0,50	0,000	440 061,89
300010-NA	2010/01/25	2009/04/01	BD88	Transfert	ABX	1 000	23,540	CAD	0,00	0,00	0,00	0,00	0,00	0,000	450 000,00
300010-NA	2010/01/25	2009/04/01	BD88	Dépôt	1CAD	0,00	0,000	CAD	450 000,00	0,00	0,00	0,00	0,00	0,000	450 000,00
300008-NA	2010/01/25	2010/01/22	BD88	Achat	B87545	10 000	112,700	CAD	(11 331,57)	112,00	0,00	(61,07)	0,50	0,000	49 951,27
300008-NA	2010/01/25	2010/01/21	BD88	Vente	M22762	(5 000)	93,500	USD	4 908,25	93,00	(451,66)	0,00	0,50	0,000	61 282,84
300008-NA	2010/01/25	2010/01/20	BD88	Achat	M61475	10 000	90,000	CAD	(9 000,50)	90,00	0,00	0,00	0,50	0,000	56 374,59
300008-NA	2010/01/25	2010/01/14	BD88	Vente	L05144	(10 000)	99,955	CAD	9 995,50	99,00	(1,44)	0,00	0,50	0,000	65 375,09
300008-NA	2010/01/25	2009/12/23	BD88	Achat	M22762	10 000	93,000	USD	(9 765,50)	93,00	0,00	0,00	0,50	0,000	55 379,59
300008-NA	2010/01/25	2009/12/18	BD88	Intérêts	B87545	0	0,000	CAD	285,00	0,00	0,00	0,00	0,00	0,000	65 145,09
300008-NA	2010/01/25	2009/12/09	BD88	Achat	L05144	20 000	99,900	CAD	(19 980,50)	194,00	0,00	0,00	0,50	0,000	64 860,09
300008-NA	2010/01/25	2009/12/01	BD88	Remboursement	M89953	(20 000)	100,000	CAD	20 000,00	0,00	0,00	0,00	0,00	0,000	84 840,59
300008-NA	2010/01/25	2009/10/01	BD88	Achat	M89953	10 000	99,953	CAD	(9 995,80)	98,50	0,00	0,00	0,50	0,000	64 840,59
300008-NA	2010/01/25	2009/05/14	BD88	Remboursement	A02479	(10 000)	100,000	CAD	10 000,00	0,00	0,00	0,00	0,00	0,000	74 836,39
300008-NA	2010/01/25	2009/04/15	BD88	Achat	L05144	20 000	99,960	CAD	(19 992,50)	199,00	0,00	0,00	0,50	0,000	64 836,39
300008-NA	2010/01/25	2009/04/14	BD88	Remboursement	P45616	(20 000)	100,000	USD	24 200,00	0,00	0,00	0,00	0,00	0,000	84 828,89
300008-NA	2010/01/25	2009/04/07	BD88	Achat	M85972	10 000	37,000	CAD	(3 700,50)	47,00	0,00	0,00	0,50	0,000	60 628,89
300008-NA	2010/01/25	2009/04/06	BD88	Achat	P45616	10 000	99,900	USD	(12 388,10)	124,00	0,00	0,00	0,50	0,000	64 329,39
300008-NA	2010/01/25	2009/04/03	BD88	Achat	B87545	10 000	108,700	CAD	(11 215,01)	108,00	0,00	(344,51)	0,50	0,000	76 717,49
300008-NA	2010/01/25	2009/04/03	BD88	Achat	M61475	10 000	80,000	CAD	(8 000,50)	80,00	0,00	0,00	0,50	0,000	87 932,50
300008-NA	2010/01/25	2009/04/03	BD88	Achat	M22762	20 000	88,500	USD	(21 771,50)	177,00	0,00	0,00	0,50	0,000	95 933,00
300008-NA	2010/01/25	2009/04/03	BD88	Achat	M89953	10 000	99,500	CAD	(9 950,50)	98,50	0,00	0,00	0,50	0,000	117 704,50
300008-NA	2010/01/25	2009/04/02	BD88	Achat	A02479	10 000	99,960	CAD	(9 996,50)	99,96	0,00	0,00	0,50	0,000	127 655,00
300008-NA	2010/01/25	2009/04/01	BD88	Achat	P45616	10 000	98,000	USD	(12 348,50)	123,48	0,00	0,00	0,50	0,000	137 651,50
300008-NA	2010/01/25	2009/04/01	BD88	Dépôt	1CAD	0,00	0,000	CAD	150 000,00	0,00	0,00	0,00	0,00	0,000	150 000,00
300007-OB	2010/01/25	2009/08/17	BD88	Achat	R13369	10 000	97,000	USD	(9 747,13)	99,00	5,74	(46,63)	0,50	0,000	476 961,48
300007-OB	2010/01/25	2009/08/17	BD88	Vente	R13369	(10 000)	98,000	USD	9 752,87	103,00	0,00	(47,63)	0,50	0,000	486 708,61
300007-OB	2010/01/25	2009/08/17	BD88	Vente	R13369	(10 000)	98,000	USD	9 752,87	103,00	99,00	(47,63)	0,50	0,000	476 955,74
300007-OB	2010/01/25	2009/08/17	BD88	Achat	R13369	10 000	97,000	USD	(9 747,13)	99,00	0,00	(46,63)	0,50	0,000	467 202,87
300007-OB	2010/01/25	2009/05/05	BD88	Achat	DIS	500	23,140	USD	(11 593,50)	23,00	5,00	0,00	0,50	0,000	476 950,00
300007-OB	2010/01/25	2009/05/05	BD88	Vente	DIS	(500)	23,150	USD	11 598,50	23,00	0,00	0,00	0,50	0,000	488 543,50
300007-OB	2010/01/25	2009/05/05	BD88	Vente	DIS	(500)	23,150	USD	11 598,50	23,00	5,00	0,00	0,50	0,000	476 945,00
300007-OB	2010/01/25	2009/05/05	BD88	Achat	DIS	500	23,140	USD	(11 593,50)	23,00	0,00	0,00	0,50	0,000	465 346,50
300007-OB	2010/01/25	2009/04/03	BD88	Achat	M22762	20 000	88,230	USD	(17 646,50)	177,00	2,00	0,00	0,50	0,000	476 940,00
300007-OB	2010/01/25	2009/04/03	BD88	Vente	M22762	(20 000)	88,240	USD	17 648,50	490,00	0,00	0,00	0,50	0,000	494 586,50
300007-OB	2010/01/25	2009/04/03	BD88	Vente	M22762	(20 000)	88,240	USD	17 648,50	490,00	2,00	0,00	0,50	0,000	476 938,00
300007-OB	2010/01/25	2009/04/03	BD88	Achat	M22762	20 000	88,230	USD	(17 646,50)	177,00	0,00	0,00	0,50	0,000	459 289,50
300007-OB	2010/01/25	2009/04/01	BD88	Transfert	ABX	1 000	23,540	CAD	0,00	0,00	0,00	0,00	0,00	0,000	476 936,00
300007-OB	2010/01/25	2009/04/01	BD88	Vente	ABX	(1 000)	42,750	CAD	38 468,00	420,00	0,00	0,00	0,50	0,000	476 936,00
300007-OB	2010/01/25	2009/04/01	BD88	Vente	ABX	(1 000)	42,750	CAD	38 468,00	420,00	19 871,40	0,00	0,50	0,000	438 468,00
300007-OB	2010/01/25	2009/04/01	BD88	Transfert	ABX	1 000	23,540	CAD	0,00	0,00	0,00	0,00	0,00	0,000	400 000,00
300007-OB	2010/01/25	2009/04/01	BD88	Dépôt	1USD	0,00	0,000	USD	400 000,00	0,00	0,00	0,00	0,00	0,000	400 000,00
300007-NA	2010/01/25	2009/12/31	BD88	Transfert	ABX	500	23,540	CAD	0,00	0,00	0,00	0,00	0,00	0,000	447 859,00
300007-NA	2010/01/25	2009/12/31	BD88	Transfert	ABX	500	23,540	CAD	0,00	0,00	0,00	0,00	0,00	0,000	447 859,00
300007-NA	2010/01/25	2009/12/29	BD88	Vente	ABX	(500)	41,500	CAD	20 791,50	41,00	0,00	0,00	0,50	0,000	447 859,00
300007-NA	2010/01/25	2009/12/29	BD88	Vente	ABX	(500)	41,500	CAD	20 791,50	41,00	0,00	0,00	0,50	0,000	427 067,50
300007-NA	2010/01/25	2009/04/07	BD88	Vente	M85972	(10 000)	38,250	USD	3 825,50	38,00	25,00	0,00	0,50	0,000	406 276,00
300007-NA	2010/01/25	2009/04/07	BD88	Achat	M85972	10 000	38,000	CAD	(3 800,50)	47,00	0,00	0,00	0,50	0,000	402 450,50
300007-NA	2010/01/25	2009/04/07	BD88	Achat	M85972	10 000	38,000	CAD	(3 800,50)	47,00	25,00	0,00	0,50	0,000	406 251,00
300007-NA	2010/01/25	2009/04/07	BD88	Vente	M85972	(10 000)	38,250	USD	3 825,50	38,00	0,00	0,00	0,50	0,000	410 051,50
300007-NA	2010/01/25	2009/04/03	BD88	Vente	NA	(500)	42,530	CAD	21 307,50	42,00	15,00	0,00	0,50	0,000	406 226,00
300007-NA	2010/01/25	2009/04/03	BD88	Achat	NA	500	42,500	CAD	(21 292,50)	42,00	0,00	0,00	0,50	0,000	384 918,50
300007-NA	2010/01/25	2009/04/03	BD88	Achat	NA	500	42,500	CAD	(21 292,50)	42,00	15,00	0,00	0,50	0,000	406 211,00
300007-NA	2010/01/25	2009/04/03	BD88	Vente	NA	(500)	42,530	CAD	21 307,50	42,00	0,00	0,00	0,50	0,000	427 503,50
300007-NA	2010/01/25	2009/04/03	BD88	Vente	DIS	(500)	30,000	USD	15 592,50	157,00	3 098,00	0,00	0,50	0,000	406 196,00
300007-NA	2010/01/25	2009/04/03	BD88	Achat	DIS	500	19,990	USD	(12 494,50)	200,00	0,00	0,00	0,50	0,000	390 603,50
300007-NA	2010/01/25	2009/04/03	BD88	Achat	DIS	500	19,990	USD	(12 494,50)	200,00	3 098,00	0,00	0,50	0,000	403 098,00
300007-NA	2010/01/25	2009/04/03	BD88	Vente	DIS	(500)	30,000	USD	15 592,50	157,00	0,00	0,00	0,50	0,000	415 592,50
300007-NA	2010/01/25	2009/04/01	BD88	Dépôt	1CAD	0,00	0,000	CAD	400 000,00	0,00	0,00	0,00	0,00	0,000	400 000,00
300006-OB	2010/01/25	2010/01/21	BD88	Vente	M22762	(5 000)	93,500	USD	4 908,25	93,00	327,52	0,00	0,50	0,000	17 804,38
300006-OB	2010/01/25	2010/01/19	BD88	Dividendes	DIS	0	0,000	USD	19,95	0,00	0,00	0,00	0,00	0,000	12 896,13
300006-OB	2010/01/25	2010/01/19	BD88	Dividendes	DIS	5	31,010	USD	0,00	0,00	0,00	0,00	0,00	0,000	12 876,18
300006-OB	2010/01/25	2010/01/11	BD88	Transfert	B55444	10 000	0,000	USD	0,00	0,00	0,00	0,00	0,00	0,000	12 876,18
300006-OB	2010/01/25	2010/01/11	BD88	Transfert	A36754	10 000	0,000	USD	0,00	0,00	0,00	0,00	0,00	0,000	12 876,18
300006-OB	2010/01/25	2010/01/11	BD88	Transfert	AA	1 000	0,000	USD	0,00	0,00	0,00	0,00	0,00	0,000	12 876,18
300006-OB	2010/01/25	2009/12/31	BD88	Vente	NA	(510)	60,000	CAD	32 436,50	306,00	5 638,35	0,00	0,50	0,000	12 876,18
300006-OB	2010/01/25	2009/12/30	BD88	Achat	GGF412	300,000	10,000	USD	(3 030,00)	30,00	0,00	0,00	0,00	0,000	(19 560,32)
300006-OB	2010/01/25	2009/12/29	BD88	Achat	R13369	2 000	105,000	USD	(2 148,26)	105,00	0,00	(47,76)	0,50	0,000	(16 530,32)
300006-OB	2010/01/25	2009/12/23	BD88	Achat	M22762	10 000	93,000	USD	(9 300,50)	93,00	0,00	0,00	0,50	0,000	(14 382,06)
300006-OB	2010/01/25	2009/11/01	BD88	Dividendes	NA	5	56,390	CAD	0,00	0,00	0,00	0,00	0,00	0,000	(5 081,56)
300006-OB	2010/01/25	2009/11/01	BD88	Dividendes	NA	0	0,000	USD	31,15	0,00	0,00	0,00	0,00	0,000	(5 081,56)
300006-OB	2010/01/25	2009/10/31	BD88	Dividendes	GGF412	3,331	10,000	USD	0,00	0,00	0,00	0,00	0,00	0,000	(5 112,71)
300006-OB	2010/01/25	2009/09/30	BD88	Dividendes	GGF412	3,210	10,000	USD	0,00	0,00	0,00	0,00	0,00	0,000	(5 112,71)
300006-OB	2010/01/25	2009/08/31	BD88	Dividendes	GGF412	3,325	10,000	USD	0,00	0,00	0,00	0,00	0,00	0,000	(5 112,71)
300006-OB	2010/01/25	2009/08/17	BD88	Achat	R13369	10 000	99,582	USD	(10 008,16)	99,00	0,00	(49,46)	0,50	0,000	(5 112,71)
300006-OB	2010/01/25	2009/08/01	BD88	Dividendes	NA	5	58,110	CAD	0,00	0,00	0,00	0,00	0,00	0,000	4 895,45
300006-OB	2010/01/25	2009/08/01	BD88	Dividendes	NA	0	0,000	USD	19,45	0,00	0,00	0,00	0,00	0,000	4 895,45
300006-OB	2010/01/25	2009/07/31	BD88	Dividendes	GGF412	3,292	10,000	USD	0,00	0,00	0,00	0,00	0,00	0,000	4 876,00
300006-OB	2010/01/25	2009/06/30	BD88	Dividendes	GGF412	3,257	10,000	USD	0,00	0,00	0,00	0,00	0,00	0,000	4 876,00
300006-OB	2010/01/25	2009/05/31	BD88	Dividendes	GGF412	3,283	10,000	USD	0,00	0,00	0,00	0,00	0,00	0,000	4 876,00
300006-OB	2010/01/25	2009/05/06	BD88	Achat	AGU	500	53,000	CAD	(30 240,50)	500,00	0,00	0,00	0,50	0,000	4 876,00
300006-OB	2010/01/25	2009/05/06	BD88	Achat	FXY	100	101,000	USD	(10 100,50)	101,00	0,00	0,00	0,50	0,000	35 116,50
300006-OB	2010/01/25	2009/04/30	BD88	Dividendes	GGF412	3,175	10,000	USD	0,00	0,00	0,00	0,00	0,00	0,000	45 217,00
300006-OB	2010/01/25	2009/04/14	BD88	Remboursement	P45616	(20 000)	100,000	USD	20 000,00	0,00	0,00	0,00	0,00	0,000	45 217,00
300006-OB	2010/01/25	2009/04/06	BD88	Achat	P45616	10 000	99,900	USD	(9 900,50)	99,00	0,00	0,00	0,50	0,000	25 217,00
300006-OB	2010/01/25	2009/04/06	BD88	Achat	AGU	500	48,000	CAD	(31 505,50)	480,00	0,00	0,00	0,50	0,000	35 117,50
300006-OB	2010/01/25	2009/04/03	BD88	Achat	M22762	20 000	88,500	USD	(17 700,50)	177,00	0,00	0,00	0,50	0,000	66 623,00
300006-OB	2010/01/25	2009/04/03	BD88	Achat	GGF412	950,000	10,000	USD	(9 595,00)	95,00	0,00	0,00	0,00	0,000	84 323,50
300006-OB	2010/01/25	2009/04/03	BD88	Achat	NA	500	42,500	CAD	(26 180,00)	42,00	0,00	0,00	0,50	0,000	93 918,50
300006-OB	2010/01/25	2009/04/03	BD88	Achat	DIS	500	20,000	USD	(10 200,50)	200,00	0,00	0,00	0,50	0,000	120 098,50
300006-OB	2010/01/25	2009/04/03	BD88	Achat	FXY	100	99,000	USD	(9 900,50)	99,00	0,00	0,00	0,50	0,000	130 299,00
300006-OB	2010/01/25	2009/04/01	BD88	Achat	P45616	10 000	98,000	USD	(9 800,50)	98,00	0,00	0,00	0,50	0,000	140 199,50
300006-OB	2010/01/25	2009/04/01	BD88	Dépôt	1USD	0,00	0,000	USD	150 000,00	0,00	0,00	0,00	0,00	0,000	150 000,00
300005-NA	2010/01/25	2010/01/22	BD88	Achat	B87545	10 000	112,700	CAD	(11 331,57)	112,00	0,00	(61,07)	0,50	0,000	49 951,27
300005-NA	2010/01/25	2010/01/21	BD88	Vente	M22762	(5 000)	93,500	USD	4 908,25	93,00	(451,66)	0,00	0,50	0,000	61 282,84
300005-NA	2010/01/25	2010/01/20	BD88	Achat	M61475	10 000	90,000	CAD	(9 000,50)	90,00	0,00	0,00	0,50	0,000	56 374,59
300005-NA	2010/01/25	2010/01/14	BD88	Vente	L05144	(10 000)	99,955	CAD	9 995,50	99,00	(1,44)	0,00	0,50	0,000	65 375,09
300005-NA	2010/01/25	2009/12/23	BD88	Achat	M22762	10 000	93,000	USD	(9 765,50)	93,00	0,00	0,00	0,50	0,000	55 379,59
300005-NA	2010/01/25	2009/12/18	BD88	Intérêts	B87545	0	0,000	CAD	285,00	0,00	0,00	0,00	0,00	0,000	65 145,09
300005-NA	2010/01/25	2009/12/09	BD88	Achat	L05144	20 000	99,900	CAD	(19 980,50)	194,00	0,00	0,00	0,50	0,000	64 860,09
300005-NA	2010/01/25	2009/12/01	BD88	Remboursement	M89953	(20 000)	100,000	CAD	20 000,00	0,00	0,00	0,00	0,00	0,000	84 840,59
300005-NA	2010/01/25	2009/10/01	BD88	Achat	M89953	10 000	99,953	CAD	(9 995,80)	98,50	0,00	0,00	0,50	0,000	64 840,59
300005-NA	2010/01/25	2009/05/14	BD88	Remboursement	A02479	(10 000)	100,000	CAD	10 000,00	0,00	0,00	0,00	0,00	0,000	74 836,39
300005-NA	2010/01/25	2009/04/15	BD88	Achat	L05144	20 000	99,960	CAD	(19 992,50)	199,00	0,00	0,00	0,50	0,000	64 836,39
300005-NA	2010/01/25	2009/04/14	BD88	Remboursement	P45616	(20 000)	100,000	USD	24 200,00	0,00	0,00	0,00	0,00	0,000	84 828,89
300005-NA	2010/01/25	2009/04/07	BD88	Achat	M85972	10 000	37,000	CAD	(3 700,50)	47,00	0,00	0,00	0,50	0,000	60 628,89
300005-NA	2010/01/25	2009/04/06	BD88	Achat	P45616	10 000	99,900	USD	(12 388,10)	124,00	0,00	0,00	0,50	0,000	64 329,39
300005-NA	2010/01/25	2009/04/03	BD88	Achat	B87545	10 000	108,700	CAD	(11 215,01)	108,00	0,00	(344,51)	0,50	0,000	76 717,49
300005-NA	2010/01/25	2009/04/03	BD88	Achat	M61475	10 000	80,000	CAD	(8 000,50)	80,00	0,00	0,00	0,50	0,000	87 932,50
300005-NA	2010/01/25	2009/04/03	BD88	Achat	M22762	20 000	88,500	USD	(21 771,50)	177,00	0,00	0,00	0,50	0,000	95 933,00
300005-NA	2010/01/25	2009/04/03	BD88	Achat	M89953	10 000	99,500	CAD	(9 950,50)	98,50	0,00	0,00	0,50	0,000	117 704,50
300005-NA	2010/01/25	2009/04/02	BD88	Achat	A02479	10 000	99,960	CAD	(9 996,50)	99,96	0,00	0,00	0,50	0,000	127 655,00
300005-NA	2010/01/25	2009/04/01	BD88	Achat	P45616	10 000	98,000	USD	(12 348,50)	123,48	0,00	0,00	0,50	0,000	137 651,50
300005-NA	2010/01/25	2009/04/01	BD88	Dépôt	1CAD	0,00	0,000	CAD	150 000,00	0,00	0,00	0,00	0,00	0,000	150 000,00
300002-OB	2010/01/25	2010/01/21	BD88	Vente	M22762	(5 000)	93,500	USD	4 674,50	490,00	0,00	0,00	0,50	0,000	89 929,28
300002-OB	2010/01/25	2010/01/19	BD88	Transfert	BAB	(100)	32,000	USD	0,00	0,00	0,00	0,00	0,00	0,000	85 254,78
300002-OB	2010/01/25	2010/01/19	BD88	Dividendes	DIS	0	0,000	USD	19,95	0,00	0,00	0,00	0,00	0,000	85 254,78
300002-OB	2010/01/25	2010/01/19	BD88	Dividendes	DIS	5	31,010	USD	0,00	0,00	0,00	0,00	0,00	0,000	85 234,83
300002-OB	2010/01/25	2009/12/31	BD88	Vente	NA	(510)	60,000	CAD	28 824,70	306,00	0,00	0,00	0,50	0,000	85 234,83
300002-OB	2010/01/25	2009/12/31	BD88	Dividendes	TML204	1,787	10,000	CAD	0,00	0,00	0,00	0,00	0,00	0,000	56 410,13
300002-OB	2010/01/25	2009/12/30	BD88	Achat	GGF412	300,000	10,000	USD	(3 210,50)	30,00	0,00	0,00	0,00	0,000	56 410,13
300002-OB	2010/01/25	2009/12/29	BD88	Achat	R13369	2 000	105,000	USD	(2 148,26)	105,00	0,00	(47,76)	0,50	0,000	59 620,63
300002-OB	2010/01/25	2009/12/18	BD88	Vente	AGF420	(1 998,201)	6,150	CAD	12 165,55	122,88	0,00	0,00	0,50	0,000	61 768,89
300002-OB	2010/01/25	2009/12/18	BD88	Intérêts	B87545	0	0,000	USD	267,10	0,00	0,00	0,00	0,00	0,000	49 603,34
300002-OB	2010/01/25	2009/11/30	BD88	Dividendes	TML204	0,862	10,000	CAD	0,00	0,00	0,00	0,00	0,00	0,000	49 336,24
300002-OB	2010/01/25	2009/11/30	BD88	Dividendes	AGF420	44,352	6,150	CAD	0,00	0,00	0,00	0,00	0,00	0,000	49 336,24
300002-OB	2010/01/25	2009/11/03	BD88	Achat	B87545	10 000	112,000	CAD	(10 710,61)	112,00	0,00	(204,51)	0,50	0,000	49 336,24
300002-OB	2010/01/25	2009/11/01	BD88	Dividendes	NA	5	56,390	CAD	0,00	0,00	0,00	0,00	0,00	0,000	60 046,85
300002-OB	2010/01/25	2009/11/01	BD88	Dividendes	NA	0	0,000	CAD	28,84	0,00	0,00	0,00	0,00	0,000	60 046,85
300002-OB	2010/01/25	2009/10/31	BD88	Dividendes	GGF412	3,331	10,000	USD	0,00	0,00	0,00	0,00	0,00	0,000	60 018,01
300002-OB	2010/01/25	2009/10/30	BD88	Dividendes	TML204	0,834	10,000	CAD	0,00	0,00	0,00	0,00	0,00	0,000	60 018,01
300002-OB	2010/01/25	2009/10/30	BD88	Dividendes	AGF420	43,555	6,110	CAD	0,00	0,00	0,00	0,00	0,00	0,000	60 018,01
300002-OB	2010/01/25	2009/09/30	BD88	Dividendes	GGF412	3,210	10,000	USD	0,00	0,00	0,00	0,00	0,00	0,000	60 018,01
300002-OB	2010/01/25	2009/09/30	BD88	Dividendes	TML204	0,833	10,000	CAD	0,00	0,00	0,00	0,00	0,00	0,000	60 018,01
300002-OB	2010/01/25	2009/09/30	BD88	Dividendes	AGF420	42,182	6,060	CAD	0,00	0,00	0,00	0,00	0,00	0,000	60 018,01
300002-OB	2010/01/25	2009/08/31	BD88	Dividendes	GGF412	3,325	10,000	USD	0,00	0,00	0,00	0,00	0,00	0,000	60 018,01
300002-OB	2010/01/25	2009/08/31	BD88	Dividendes	TML204	0,899	10,000	CAD	0,00	0,00	0,00	0,00	0,00	0,000	60 018,01
300002-OB	2010/01/25	2009/08/01	BD88	Dividendes	NA	5	58,110	CAD	0,00	0,00	0,00	0,00	0,00	0,000	60 018,01
300002-OB	2010/01/25	2009/08/01	BD88	Dividendes	NA	0	0,000	USD	18,01	0,00	0,00	0,00	0,00	0,000	60 018,01
300002-OB	2010/01/25	2009/07/31	BD88	Dividendes	GGF412	3,292	10,000	USD	0,00	0,00	0,00	0,00	0,00	0,000	60 000,00
300002-OB	2010/01/25	2009/07/31	BD88	Dividendes	TML204	2,520	10,000	CAD	0,00	0,00	0,00	0,00	0,00	0,000	60 000,00
300002-OB	2010/01/25	2009/06/30	BD88	Dividendes	TML204	1,737	10,000	CAD	0,00	0,00	0,00	0,00	0,00	0,000	60 000,00
300002-OB	2010/01/25	2009/06/30	BD88	Dividendes	GGF412	3,257	10,000	USD	0,00	0,00	0,00	0,00	0,00	0,000	60 000,00
300002-OB	2010/01/25	2009/05/31	BD88	Dividendes	GGF412	3,283	10,000	USD	0,00	0,00	0,00	0,00	0,00	0,000	60 000,00
300002-OB	2010/01/25	2009/05/29	BD88	Dividendes	TML204	3,684	10,000	CAD	0,00	0,00	0,00	0,00	0,00	0,000	60 000,00
300002-OB	2010/01/25	2009/04/30	BD88	Dividendes	TML204	4,675	10,000	CAD	0,00	0,00	0,00	0,00	0,00	0,000	60 000,00
300002-OB	2010/01/25	2009/04/30	BD88	Dividendes	GGF412	3,175	10,000	USD	0,00	0,00	0,00	0,00	0,00	0,000	60 000,00
300002-OB	2010/01/25	2009/04/14	BD88	Remboursement	P45616	(10 000)	100,000	USD	10 000,00	0,00	0,00	0,00	0,00	0,000	60 000,00
300002-OB	2010/01/25	2009/04/03	BD88	Réception	POW	1 000	41,990	CAD	0,00	0,00	0,00	0,00	0,00	0,000	50 000,00
300002-OB	2010/01/25	2009/04/01	BD88	Transfert	AGF420	1 868,112	0,000	CAD	0,00	0,00	0,00	0,00	0,00	0,000	50 000,00
300002-OB	2010/01/25	2009/04/01	BD88	Transfert	TML204	1 000,000	0,000	CAD	0,00	0,00	0,00	0,00	0,00	0,000	50 000,00
300002-OB	2010/01/25	2009/04/01	BD88	Transfert	NA	500	0,000	CAD	0,00	0,00	0,00	0,00	0,00	0,000	50 000,00
300002-OB	2010/01/25	2009/04/01	BD88	Transfert	GGF412	950,000	0,000	USD	0,00	0,00	0,00	0,00	0,00	0,000	50 000,00
300002-OB	2010/01/25	2009/04/01	BD88	Transfert	R13369	10 000	0,000	USD	0,00	0,00	0,00	0,00	0,00	0,000	50 000,00
300002-OB	2010/01/25	2009/04/01	BD88	Transfert	B87545	10 000	0,000	CAD	0,00	0,00	0,00	0,00	0,00	0,000	50 000,00
300002-OB	2010/01/25	2009/04/01	BD88	Transfert	CIG580	100,000	0,000	CAD	0,00	0,00	0,00	0,00	0,00	0,000	50 000,00
300002-OB	2010/01/25	2009/04/01	BD88	Transfert	FID259	1 001,564	0,000	CAD	0,00	0,00	0,00	0,00	0,00	0,000	50 000,00
300002-OB	2010/01/25	2009/04/01	BD88	Transfert	M85972	10 000	30,000	CAD	0,00	0,00	0,00	0,00	0,00	0,000	50 000,00
300002-OB	2010/01/25	2009/04/01	BD88	Transfert	M22762	20 000	80,000	USD	0,00	0,00	0,00	0,00	0,00	0,000	50 000,00
300002-OB	2010/01/25	2009/04/01	BD88	Transfert	DIS	500	20,000	CAD	0,00	0,00	0,00	0,00	0,00	0,000	50 000,00
300002-OB	2010/01/25	2009/04/01	BD88	Transfert	P45616	10 000	0,000	USD	0,00	0,00	0,00	0,00	0,00	0,000	50 000,00
300002-OB	2010/01/25	2009/04/01	BD88	Transfert	ABX	500	23,540	CAD	0,00	0,00	0,00	0,00	0,00	0,000	50 000,00
300002-OB	2010/01/25	2009/04/01	BD88	Transfert	PJC.A	500	16,440	CAD	0,00	0,00	0,00	0,00	0,00	0,000	50 000,00
300002-OB	2010/01/25	2009/04/01	BD88	Dépôt	1USD	0,00	0,000	USD	50 000,00	0,00	0,00	0,00	0,00	0,000	50 000,00
300002-NA	2010/01/25	2010/01/20	BD88	Vente	BBD.B	(240)	5,500	CAD	1 309,50	10,00	709,50	0,00	0,50	0,000	95 922,40
300002-NA	2010/01/25	2010/01/19	BD88	Transfert	BAB	(100)	32,000	USD	0,00	0,00	0,00	0,00	0,00	0,000	94 612,90
300002-NA	2010/01/25	2010/01/19	BD88	Dividendes	DIS	0	0,000	CAD	19,95	0,00	0,00	0,00	0,00	0,000	94 612,90
300002-NA	2010/01/25	2010/01/19	BD88	Dividendes	DIS	5	31,010	USD	0,00	0,00	0,00	0,00	0,00	0,000	94 592,95
300002-NA	2010/01/25	2010/01/06	BD88	Vente	BBD.B	(500)	5,000	CAD	2 489,50	10,00	1 239,50	0,00	0,50	0,000	94 592,95
300002-NA	2010/01/25	2009/12/31	BD88	Vente	NA	(510)	60,000	CAD	30 906,50	306,00	0,00	0,00	0,50	0,000	92 103,45
300002-NA	2010/01/25	2009/12/31	BD88	Dividendes	TML204	1,787	10,000	CAD	0,00	0,00	0,00	0,00	0,00	0,000	61 196,95
300002-NA	2010/01/25	2009/12/30	BD88	Achat	GGF412	300,000	10,000	USD	(3 210,50)	30,00	0,00	0,00	0,00	0,000	61 196,95
300002-NA	2010/01/25	2009/12/29	BD88	Achat	R13369	2 000	105,000	USD	(2 234,17)	105,00	0,00	(49,67)	0,50	0,000	64 407,45
300002-NA	2010/01/25	2009/12/18	BD88	Vente	AGF420	(1 998,201)	6,150	CAD	12 165,55	122,88	0,00	0,00	0,50	0,000	66 641,62
300002-NA	2010/01/25	2009/12/18	BD88	Intérêts	B87545	0	0,000	CAD	285,00	0,00	0,00	0,00	0,00	0,000	54 476,07
300002-NA	2010/01/25	2009/11/30	BD88	Dividendes	TML204	0,862	10,000	CAD	0,00	0,00	0,00	0,00	0,00	0,000	54 191,07
300002-NA	2010/01/25	2009/11/30	BD88	Dividendes	AGF420	44,352	6,150	CAD	0,00	0,00	0,00	0,00	0,00	0,000	54 191,07
300002-NA	2010/01/25	2009/11/03	BD88	Achat	B87545	10 000	112,000	CAD	(11 418,53)	112,00	0,00	(218,03)	0,50	0,000	54 191,07
300002-NA	2010/01/25	2009/11/01	BD88	Dividendes	NA	5	56,390	CAD	0,00	0,00	0,00	0,00	0,00	0,000	65 609,60
300002-NA	2010/01/25	2009/11/01	BD88	Dividendes	NA	0	0,000	CAD	31,15	0,00	0,00	0,00	0,00	0,000	65 609,60
300002-NA	2010/01/25	2009/10/31	BD88	Dividendes	GGF412	3,331	10,000	USD	0,00	0,00	0,00	0,00	0,00	0,000	65 578,45
300002-NA	2010/01/25	2009/10/30	BD88	Dividendes	TML204	0,834	10,000	CAD	0,00	0,00	0,00	0,00	0,00	0,000	65 578,45
300002-NA	2010/01/25	2009/10/30	BD88	Dividendes	AGF420	43,555	6,110	CAD	0,00	0,00	0,00	0,00	0,00	0,000	65 578,45
300002-NA	2010/01/25	2009/09/30	BD88	Dividendes	GGF412	3,210	10,000	USD	0,00	0,00	0,00	0,00	0,00	0,000	65 578,45
300002-NA	2010/01/25	2009/09/30	BD88	Dividendes	TML204	0,833	10,000	CAD	0,00	0,00	0,00	0,00	0,00	0,000	65 578,45
300002-NA	2010/01/25	2009/09/30	BD88	Dividendes	AGF420	42,182	6,060	CAD	0,00	0,00	0,00	0,00	0,00	0,000	65 578,45
300002-NA	2010/01/25	2009/08/31	BD88	Dividendes	GGF412	3,325	10,000	USD	0,00	0,00	0,00	0,00	0,00	0,000	65 578,45
300002-NA	2010/01/25	2009/08/31	BD88	Dividendes	TML204	0,899	10,000	CAD	0,00	0,00	0,00	0,00	0,00	0,000	65 578,45
300002-NA	2010/01/25	2009/08/11	BD88	Transfert	BBD.B	800	2,500	CAD	0,00	0,00	0,00	0,00	0,00	0,000	65 578,45
300002-NA	2010/01/25	2009/08/05	BD88	Vente	BBD.B	(300)	4,000	CAD	1 189,50	10,00	221,10	0,00	0,50	0,000	65 578,45
300002-NA	2010/01/25	2009/08/01	BD88	Dividendes	NA	5	58,110	CAD	0,00	0,00	0,00	0,00	0,00	0,000	64 388,95
300002-NA	2010/01/25	2009/08/01	BD88	Dividendes	NA	0	0,000	CAD	19,45	0,00	0,00	0,00	0,00	0,000	64 388,95
300002-NA	2010/01/25	2009/07/31	BD88	Dividendes	GGF412	3,292	10,000	USD	0,00	0,00	0,00	0,00	0,00	0,000	64 369,50
300002-NA	2010/01/25	2009/07/31	BD88	Dividendes	TML204	2,520	10,000	CAD	0,00	0,00	0,00	0,00	0,00	0,000	64 369,50
300002-NA	2010/01/25	2009/06/30	BD88	Dividendes	TML204	1,737	10,000	CAD	0,00	0,00	0,00	0,00	0,00	0,000	64 369,50
300002-NA	2010/01/25	2009/06/30	BD88	Dividendes	GGF412	3,257	10,000	USD	0,00	0,00	0,00	0,00	0,00	0,000	64 369,50
300002-NA	2010/01/25	2009/05/31	BD88	Dividendes	GGF412	3,283	10,000	USD	0,00	0,00	0,00	0,00	0,00	0,000	64 369,50
300002-NA	2010/01/25	2009/05/29	BD88	Dividendes	TML204	3,684	10,000	CAD	0,00	0,00	0,00	0,00	0,00	0,000	64 369,50
300002-NA	2010/01/25	2009/05/28	BD88	Vente	LB	(100)	30,000	CAD	3 000,00	0,00	0,00	0,00	0,00	0,000	64 369,50
300002-NA	2010/01/25	2009/04/30	BD88	Dividendes	TML204	4,675	10,000	CAD	0,00	0,00	0,00	0,00	0,00	0,000	61 369,50
300002-NA	2010/01/25	2009/04/30	BD88	Dividendes	GGF412	3,175	10,000	USD	0,00	0,00	0,00	0,00	0,00	0,000	61 369,50
300002-NA	2010/01/25	2009/04/14	BD88	Remboursement	P45616	(10 000)	100,000	USD	12 100,00	0,00	0,00	0,00	0,00	0,000	61 369,50
300002-NA	2010/01/25	2009/04/03	BD88	Réception	POW	1 000	41,990	CAD	0,00	0,00	0,00	0,00	0,00	0,000	49 269,50
300002-NA	2010/01/25	2009/04/01	BD88	Achat	BBD.B	240	3,000	CAD	(730,50)	10,00	0,00	0,00	0,50	0,000	49 269,50
300002-NA	2010/01/25	2009/04/01	BD88	Transfert	AGF420	1 868,112	0,000	CAD	0,00	0,00	0,00	0,00	0,00	0,000	50 000,00
300002-NA	2010/01/25	2009/04/01	BD88	Transfert	TML204	1 000,000	0,000	CAD	0,00	0,00	0,00	0,00	0,00	0,000	50 000,00
300002-NA	2010/01/25	2009/04/01	BD88	Transfert	NA	500	0,000	CAD	0,00	0,00	0,00	0,00	0,00	0,000	50 000,00
300002-NA	2010/01/25	2009/04/01	BD88	Transfert	GGF412	950,000	0,000	USD	0,00	0,00	0,00	0,00	0,00	0,000	50 000,00
300002-NA	2010/01/25	2009/04/01	BD88	Transfert	R13369	10 000	0,000	USD	0,00	0,00	0,00	0,00	0,00	0,000	50 000,00
300002-NA	2010/01/25	2009/04/01	BD88	Transfert	B87545	10 000	0,000	CAD	0,00	0,00	0,00	0,00	0,00	0,000	50 000,00
300002-NA	2010/01/25	2009/04/01	BD88	Transfert	CIG580	100,000	0,000	CAD	0,00	0,00	0,00	0,00	0,00	0,000	50 000,00
300002-NA	2010/01/25	2009/04/01	BD88	Transfert	FID259	1 001,564	0,000	CAD	0,00	0,00	0,00	0,00	0,00	0,000	50 000,00
300002-NA	2010/01/25	2009/04/01	BD88	Transfert	M85972	10 000	30,000	CAD	0,00	0,00	0,00	0,00	0,00	0,000	50 000,00
300002-NA	2010/01/25	2009/04/01	BD88	Transfert	M22762	20 000	80,000	USD	0,00	0,00	0,00	0,00	0,00	0,000	50 000,00
300002-NA	2010/01/25	2009/04/01	BD88	Transfert	DIS	500	20,000	CAD	0,00	0,00	0,00	0,00	0,00	0,000	50 000,00
300002-NA	2010/01/25	2009/04/01	BD88	Transfert	P45616	10 000	0,000	USD	0,00	0,00	0,00	0,00	0,00	0,000	50 000,00
300002-NA	2010/01/25	2009/04/01	BD88	Transfert	ABX	500	23,540	CAD	0,00	0,00	0,00	0,00	0,00	0,000	50 000,00
300002-NA	2010/01/25	2009/04/01	BD88	Transfert	PJC.A	500	16,440	CAD	0,00	0,00	0,00	0,00	0,00	0,000	50 000,00
300002-NA	2010/01/25	2009/04/01	BD88	Dépôt	1CAD	0,00	0,000	CAD	50 000,00	0,00	0,00	0,00	0,00	0,000	50 000,00
300001-NA	2010/01/25	2010/01/25	BD88	Achat	X05707	10 000	103,010	CAD	(10 302,73)	103,00	0,00	(1,23)	0,50	0,000	105 843,52
300001-NA	2010/01/25	2010/01/25	BD88	Achat	YHOO	500	15,850	USD	(8 464,40)	79,25	0,00	0,00	0,50	0,000	116 146,25
300001-NA	2010/01/25	2010/01/25	BD88	Achat	MX	145	24,750	CAD	(3 625,13)	35,88	0,00	0,00	0,50	0,000	124 610,65
300001-NA	2010/01/25	2010/01/25	BD88	Vente	CBS	(250)	13,330	USD	3 559,62	33,33	2 062,52	0,00	0,50	0,000	128 235,78
300001-NA	2010/01/25	2010/01/19	BD88	Transfert	BAB	(100)	32,000	USD	0,00	0,00	0,00	0,00	0,00	0,000	124 676,16
300001-NA	2010/01/25	2010/01/19	BD88	Dividendes	DIS	0	0,000	CAD	19,95	0,00	0,00	0,00	0,00	0,000	124 676,16
300001-NA	2010/01/25	2010/01/19	BD88	Dividendes	DIS	5	31,010	USD	0,00	0,00	0,00	0,00	0,00	0,000	124 656,21
300001-NA	2010/01/25	2010/01/16	BD88	Expiration	NA.AL	(10)	0,000	CAD	0,00	0,00	(1 707,40)	0,00	0,00	0,000	124 656,21
300001-NA	2010/01/25	2010/01/15	BD88	Dividendes	BCE	0	0,000	CAD	81,00	0,00	0,00	0,00	0,00	0,000	124 656,21
300001-NA	2010/01/25	2010/01/14	BD88	Dividendes	KFT	0	0,000	CAD	145,00	0,00	0,00	0,00	0,00	0,000	124 575,21
300001-NA	2010/01/25	2010/01/11	BD88	Achat	X05707	10 000	103,140	CAD	(10 520,82)	103,00	0,00	(206,32)	0,50	0,000	124 430,21
300001-NA	2010/01/25	2010/01/04	BD88	Retrait	1CAD	0,00	0,000	CAD	(5 000,00)	0,00	0,00	0,00	0,00	0,000	134 951,03
300001-NA	2010/01/25	2009/12/31	BD88	Vente	NA	(510)	60,000	CAD	30 906,50	306,00	9 041,50	0,00	0,50	0,000	139 951,03
300001-NA	2010/01/25	2009/12/31	BD88	Frais	1CAD	0,00	0,000	CAD	(125,00)	0,00	0,00	0,00	0,00	0,000	109 044,53
300001-NA	2010/01/25	2009/12/31	BD88	Dividendes	TML204	1,787	10,000	CAD	0,00	0,00	0,00	0,00	0,00	0,000	109 169,53
300001-NA	2010/01/25	2009/12/31	BD88	Vente	CWB.WT	(100)	8,500	CAD	8 585,50	8,00	8 181,00	0,00	0,50	0,000	109 169,53
300001-NA	2010/01/25	2009/12/31	BD88	Achat	CBS	500	4,750	USD	(2 994,21)	72,46	0,00	0,00	0,50	0,000	100 584,03
300001-NA	2010/01/25	2009/12/30	BD88	Achat	GGF412	300,000	10,000	USD	(3 210,50)	30,00	0,00	0,00	0,00	0,000	103 578,24
300001-NA	2010/01/25	2009/12/29	BD88	Achat	R13369	2 000	105,000	USD	(2 234,17)	105,00	0,00	(49,67)	0,50	0,000	106 788,74
300001-NA	2010/01/25	2009/12/24	BD88	Vente	AOT	(10 000)	0,300	CAD	2 969,50	30,00	(2 081,00)	0,00	0,50	0,000	109 022,91
300001-NA	2010/01/25	2009/12/22	BD88	Vente	SAP	(100)	30,000	CAD	3 030,50	30,00	926,20	0,00	0,50	0,000	106 053,41
300001-NA	2010/01/25	2009/12/22	BD88	Assignation	SAP.DC	1	0,000	CAD	0,00	0,00	197,50	0,00	0,00	0,000	103 022,91
300001-NA	2010/01/25	2009/12/18	BD88	Vente	AGF420	(1 998,201)	6,150	CAD	12 165,55	122,88	162,37	0,00	0,50	0,000	103 022,91
300001-NA	2010/01/25	2009/12/18	BD88	Intérêts	B87545	0	0,000	CAD	285,00	0,00	0,00	0,00	0,00	0,000	90 857,36
300001-NA	2010/01/25	2009/12/17	BD88	Journal	GIB.A	100	14,250	CAD	0,00	0,00	0,00	0,00	0,00	0,000	90 572,36
300001-NA	2010/01/25	2009/12/16	BD88	Achat	CTF.WT	10 000	0,330	CAD	(3 333,50)	33,00	0,00	0,00	0,50	0,000	90 572,36
300001-NA	2010/01/25	2009/12/16	BD88	Achat	GIB.A	100	14,250	CAD	(2 879,00)	28,50	0,00	0,00	0,50	0,000	93 905,86
300001-NA	2010/01/25	2009/12/15	BD88	Dividendes	ABX	0	0,000	CAD	106,05	0,00	0,00	0,00	0,00	0,000	96 784,86
300001-NA	2010/01/25	2009/12/11	BD88	Achat	Y23105	10 000	227,000	CAD	(22 922,66)	227,00	0,00	(222,16)	0,50	0,000	96 678,81
300001-NA	2010/01/25	2009/12/09	BD88	Achat	L05144	20 000	99,900	CAD	(19 980,50)	194,00	0,00	0,00	0,50	0,000	119 601,47
300001-NA	2010/01/25	2009/12/08	BD88	Achat	CSBCS52	1 000	160,000	CAD	(1 600,50)	16,00	0,00	0,00	0,50	0,000	139 581,97
300001-NA	2010/01/25	2009/12/04	BD88	Achat	MFC	100	18,000	CAD	(1 818,50)	18,00	0,00	0,00	0,50	0,000	141 182,47
300001-NA	2010/01/25	2009/12/04	BD88	Exercice	VCF.AZ	(1)	0,000	CAD	0,00	0,00	(1 010,50)	0,00	0,00	0,000	143 000,97
300001-NA	2010/01/25	2009/12/01	BD88	Achat	U63676	10 000	100,000	CAD	(10 071,50)	100,00	0,00	(71,00)	0,50	0,000	143 000,97
300001-NA	2010/01/25	2009/12/01	BD88	Achat	BCE	100	28,000	CAD	(2 828,50)	28,00	0,00	0,00	0,50	0,000	153 072,47
300001-NA	2010/01/25	2009/11/30	BD88	Dividendes	TML204	0,862	10,000	CAD	0,00	0,00	0,00	0,00	0,00	0,000	155 900,97
300001-NA	2010/01/25	2009/11/30	BD88	Dividendes	AGF420	44,352	6,150	CAD	0,00	0,00	0,00	0,00	0,00	0,000	155 900,97
300001-NA	2010/01/25	2009/11/30	BD88	Dividendes	NT	157	80,250	CAD	0,00	0,00	0,00	0,00	0,00	0,000	155 900,97
300001-NA	2010/01/25	2009/11/30	BD88	Fractionnement	NT	100	0,000	CAD	0,00	0,00	0,00	0,00	0,00	0,000	155 900,97
300001-NA	2010/01/25	2009/11/16	BD88	Vente	SAP.DC	(1)	2,000	CAD	197,50	2,00	0,00	0,00	0,50	0,000	155 900,97
300001-NA	2010/01/25	2009/11/11	BD88	Échange	EP.UN	(100)	0,000	CAD	0,00	0,00	0,00	0,00	0,00	0,000	155 703,47
300001-NA	2010/01/25	2009/11/11	BD88	Échange	CPA.UN	100	0,000	CAD	0,00	0,00	0,00	0,00	0,00	0,000	155 703,47
300001-NA	2010/01/25	2009/11/03	BD88	Achat	B87545	10 000	112,000	CAD	(11 418,53)	112,00	0,00	(218,03)	0,50	0,000	155 703,47
300001-NA	2010/01/25	2009/11/01	BD88	Dividendes	NA	5	56,390	CAD	0,00	0,00	0,00	0,00	0,00	0,000	167 122,00
300001-NA	2010/01/25	2009/11/01	BD88	Dividendes	NA	0	0,000	CAD	31,15	0,00	0,00	0,00	0,00	0,000	167 122,00
300001-NA	2010/01/25	2009/10/31	BD88	Dividendes	GGF412	3,331	10,000	USD	0,00	0,00	0,00	0,00	0,00	0,000	167 090,85
300001-NA	2010/01/25	2009/10/30	BD88	Dividendes	TML204	0,834	10,000	CAD	0,00	0,00	0,00	0,00	0,00	0,000	167 090,85
300001-NA	2010/01/25	2009/10/30	BD88	Dividendes	AGF420	43,555	6,110	CAD	0,00	0,00	0,00	0,00	0,00	0,000	167 090,85
300001-NA	2010/01/25	2009/10/29	BD88	Achat	N49627	1 000	100,000	CAD	(1 002,66)	10,00	0,00	(2,16)	0,50	0,000	167 090,85
300001-NA	2010/01/25	2009/10/28	BD88	Achat	CSBCS52	1 000	159,000	CAD	(1 590,50)	16,00	0,00	0,00	0,50	0,000	168 093,51
300001-NA	2010/01/25	2009/10/23	BD88	Dividendes	TCL.A	500	0,000	CAD	80,00	0,00	0,00	0,00	0,00	0,000	169 684,01
300001-NA	2010/01/25	2009/10/15	BD88	Dividendes	BCE	0	0,000	CAD	40,50	0,00	0,00	0,00	0,00	0,000	169 604,01
300001-NA	2010/01/25	2009/10/14	BD88	Dividendes	KFT	0	0,000	CAD	145,00	0,00	0,00	0,00	0,00	0,000	169 563,51
300001-NA	2010/01/25	2009/10/14	BD88	Achat	GSK	100	40,000	USD	(4 160,50)	40,00	0,00	0,00	0,50	0,000	169 418,51
300001-NA	2010/01/25	2009/10/01	BD88	Vente	NA.PJ	(1)	2,090	CAD	206,41	2,09	0,00	0,00	0,50	0,000	173 579,01
300001-NA	2010/01/25	2009/09/30	BD88	Dividendes	GGF412	3,210	10,000	USD	0,00	0,00	0,00	0,00	0,00	0,000	173 372,60
300001-NA	2010/01/25	2009/09/30	BD88	Dividendes	TML204	0,833	10,000	CAD	0,00	0,00	0,00	0,00	0,00	0,000	173 372,60
300001-NA	2010/01/25	2009/09/30	BD88	Dividendes	AGF420	42,182	6,060	CAD	0,00	0,00	0,00	0,00	0,00	0,000	173 372,60
300001-NA	2010/01/25	2009/09/15	BD88	Intérêts	V61248	0	0,000	CAD	231,80	0,00	0,00	0,00	0,00	0,000	173 372,60
300001-NA	2010/01/25	2009/09/10	BD88	Achat	TCL.A	500	10,000	CAD	(5 010,50)	10,00	0,00	0,00	0,50	0,000	173 140,80
300001-NA	2010/01/25	2009/09/10	BD88	Achat	AGF420	1 868,112	6,000	CAD	(11 208,67)	0,00	0,00	0,00	0,00	0,000	178 151,30
300001-NA	2010/01/25	2009/09/01	BD88	Journal	1CAD	0,00	0,000	CAD	(1 000,00)	0,00	0,00	0,00	0,00	0,000	189 359,97
300001-NA	2010/01/25	2009/09/01	BD88	Dépôt	1CAD	0,00	0,000	CAD	8 100,00	0,00	0,00	0,00	0,00	0,000	190 359,97
300001-NA	2010/01/25	2009/09/01	BD88	Remboursement	A21479	(10 000)	100,000	CAD	10 000,00	0,00	99,50	0,00	0,00	0,000	182 259,97
300001-NA	2010/01/25	2009/09/01	BD88	Intérêts	A21479	0	0,000	CAD	212,50	0,00	0,00	0,00	0,00	0,000	172 259,97
300001-NA	2010/01/25	2009/08/31	BD88	Dividendes	GGF412	3,325	10,000	USD	0,00	0,00	0,00	0,00	0,00	0,000	172 047,47
300001-NA	2010/01/25	2009/08/31	BD88	Intérêts	1CAD	0,00	0,000	CAD	325,56	0,00	0,00	0,00	0,00	0,000	172 047,47
300001-NA	2010/01/25	2009/08/31	BD88	Dividendes	TML204	0,899	10,000	CAD	0,00	0,00	0,00	0,00	0,00	0,000	171 721,91
300001-NA	2010/01/25	2009/08/17	BD88	Achat	R13369	10 000	99,582	USD	(10 009,99)	99,00	0,00	944,53	0,50	0,000	171 721,91
300001-NA	2010/01/25	2009/08/17	BD88	Achat	M80675	10 000	155,000	CAD	(15 512,46)	155,00	0,00	(11,96)	0,50	0,000	181 731,90
300001-NA	2010/01/25	2009/08/01	BD88	Dividendes	NA	5	58,110	CAD	0,00	0,00	0,00	0,00	0,00	0,000	197 244,36
300001-NA	2010/01/25	2009/08/01	BD88	Dividendes	NA	0	0,000	CAD	19,45	0,00	0,00	0,00	0,00	0,000	197 244,36
300001-NA	2010/01/25	2009/07/31	BD88	Dividendes	GGF412	3,292	10,000	USD	0,00	0,00	0,00	0,00	0,00	0,000	197 224,91
300001-NA	2010/01/25	2009/07/31	BD88	Dividendes	TML204	2,520	10,000	CAD	0,00	0,00	0,00	0,00	0,00	0,000	197 224,91
300001-NA	2010/01/25	2009/07/31	BD88	Intérêts	1CAD	0,00	0,000	CAD	348,32	0,00	0,00	0,00	0,00	0,000	197 224,91
300001-NA	2010/01/25	2009/07/15	BD88	Dividendes	BCE	0	0,000	CAD	38,50	0,00	0,00	0,00	0,00	0,000	196 876,59
300001-NA	2010/01/25	2009/07/14	BD88	Dividendes	KFT	0	0,000	CAD	145,00	0,00	0,00	0,00	0,00	0,000	196 838,09
300001-NA	2010/01/25	2009/07/13	BD88	Achat	BAB	100	20,000	USD	(2 320,50)	20,00	0,00	0,00	0,50	0,000	196 693,09
300001-NA	2010/01/25	2009/07/08	BD88	Achat	NA.AL	10	1,690	CAD	(1 707,40)	16,90	0,00	0,00	0,50	0,000	199 013,59
300001-NA	2010/01/25	2009/07/02	BD88	Achat	CSBCS54N	1 000	135,000	CAD	(1 350,50)	13,50	0,00	0,00	0,50	0,000	200 720,99
300001-NA	2010/01/25	2009/06/30	BD88	Dividendes	TML204	1,737	10,000	CAD	0,00	0,00	0,00	0,00	0,00	0,000	202 071,49
300001-NA	2010/01/25	2009/06/30	BD88	Dividendes	GGF412	3,257	10,000	USD	0,00	0,00	0,00	0,00	0,00	0,000	202 071,49
300001-NA	2010/01/25	2009/06/30	BD88	Intérêts	1CAD	0,00	0,000	CAD	473,68	0,00	0,00	0,00	0,00	0,000	202 071,49
300001-NA	2010/01/25	2009/06/16	BD88	Achat	AOT	10 000	0,500	CAD	(5 050,50)	50,00	0,00	0,00	0,50	0,000	201 597,81
300001-NA	2010/01/25	2009/06/15	BD88	Dividendes	ABX	0	0,000	CAD	113,30	0,00	0,00	0,00	0,00	0,000	206 648,31
300001-NA	2010/01/25	2009/05/31	BD88	Dividendes	GGF412	3,283	10,000	USD	0,00	0,00	0,00	0,00	0,00	0,000	206 535,01
300001-NA	2010/01/25	2009/05/31	BD88	Intérêts	1CAD	0,00	0,000	CAD	1 000,00	0,00	0,00	0,00	0,00	0,000	206 535,01
300001-NA	2010/01/25	2009/05/29	BD88	Dividendes	TML204	3,684	10,000	CAD	0,00	0,00	0,00	0,00	0,00	0,000	205 535,01
300001-NA	2010/01/25	2009/05/28	BD88	Échange	YLO.IR	(100)	0,000	CAD	0,00	0,00	0,00	0,00	0,00	0,000	205 535,01
300001-NA	2010/01/25	2009/05/28	BD88	Achat	LB	100	30,000	CAD	(3 000,00)	0,00	0,00	0,00	0,00	0,000	205 535,01
300001-NA	2010/01/25	2009/05/28	BD88	Dividendes	LB	0	0,000	CAD	34,00	0,00	0,00	0,00	0,00	0,000	208 535,01
300001-NA	2010/01/25	2009/05/15	BD88	Retrait	1CAD	0,00	0,000	CAD	(5 000,00)	0,00	0,00	0,00	0,00	0,000	208 501,01
300001-NA	2010/01/25	2009/05/15	BD88	Dividendes	C.PR.I	500	0,000	CAD	406,25	0,00	0,00	0,00	0,00	0,000	213 501,01
300001-NA	2010/01/25	2009/05/14	BD88	Remboursement	A02479	(10 000)	100,000	CAD	10 000,00	0,00	0,00	0,00	0,00	0,000	213 094,76
300001-NA	2010/01/25	2009/04/30	BD88	Dividendes	TML204	4,675	10,000	CAD	0,00	0,00	0,00	0,00	0,00	0,000	203 094,76
300001-NA	2010/01/25	2009/04/30	BD88	Dividendes	GGF412	3,175	10,000	USD	0,00	0,00	0,00	0,00	0,00	0,000	203 094,76
300001-NA	2010/01/25	2009/04/30	BD88	Intérêts	1CAD	0,00	0,000	CAD	1 000,00	0,00	0,00	0,00	0,00	0,000	203 094,76
300001-NA	2010/01/25	2009/04/20	BD88	Achat	SAP	500	21,000	CAD	(10 521,50)	21,00	0,00	0,00	0,50	0,000	202 094,76
300001-NA	2010/01/25	2009/04/17	BD88	Achat	TA	200	19,000	CAD	(3 819,50)	19,00	0,00	0,00	0,50	0,000	212 616,26
300001-NA	2010/01/25	2009/04/16	BD88	Achat	V61248	10 000	97,000	CAD	(9 918,08)	97,00	0,00	(3 120,75)	0,50	0,000	216 435,76
300001-NA	2010/01/25	2009/04/14	BD88	Remboursement	P45616	(10 000)	100,000	USD	12 100,00	0,00	(515,00)	0,00	0,00	0,000	226 353,84
300001-NA	2010/01/25	2009/04/09	BD88	Achat	MFC	100	17,000	CAD	(1 717,50)	17,00	0,00	0,00	0,50	0,000	214 253,84
300001-NA	2010/01/25	2009/04/09	BD88	Achat	CWB.WT	100	4,000	CAD	(404,50)	4,00	0,00	0,00	0,50	0,000	215 971,34
300001-NA	2010/01/25	2009/04/07	BD88	Achat	CIG580	100,000	7,150	USD	(893,15)	7,15	0,00	0,00	0,00	0,000	216 375,84
300001-NA	2010/01/25	2009/04/07	BD88	Achat	FID259	101,564	6,550	CAD	(671,79)	6,55	0,00	0,00	0,00	0,000	217 268,99
300001-NA	2010/01/25	2009/04/07	BD88	Achat	M85972	10 000	37,000	CAD	(3 700,50)	47,00	0,00	0,00	0,50	0,000	217 940,78
300001-NA	2010/01/25	2009/04/07	BD88	Achat	VCF.AZ	1	10,000	CAD	(1 010,50)	10,00	0,00	0,00	0,50	0,000	221 641,28
300001-NA	2010/01/25	2009/04/03	BD88	Achat	FID581	146,341	20,500	CAD	(3 000,00)	0,00	0,00	0,00	0,00	0,000	222 651,78
300001-NA	2010/01/25	2009/04/03	BD88	Achat	TML204	1 000,000	10,000	CAD	(10 000,00)	0,00	0,00	0,00	0,00	0,000	225 651,78
300001-NA	2010/01/25	2009/04/03	BD88	Achat	NA	500	42,500	CAD	(21 292,50)	42,00	0,00	0,00	0,50	0,000	235 651,78
300001-NA	2010/01/25	2009/04/03	BD88	Achat	BMG101	500,000	7,400	USD	(4 551,00)	0,00	0,00	0,00	0,00	0,000	256 944,28
300001-NA	2010/01/25	2009/04/03	BD88	Achat	GGF412	950,000	10,000	USD	(11 780,00)	95,00	0,00	0,00	0,00	0,000	261 495,28
300001-NA	2010/01/25	2009/04/03	BD88	Achat	CPBCS3N	10 000	143,398	CAD	(14 340,80)	144,00	0,00	(0,50)	0,50	0,000	273 275,28
300001-NA	2010/01/25	2009/04/03	BD88	Achat	B87545	10 000	108,700	CAD	(11 215,01)	108,00	0,00	(344,51)	0,50	0,000	287 616,08
300001-NA	2010/01/25	2009/04/03	BD88	Achat	M85539	10 000	120,000	CAD	(12 000,50)	120,00	0,00	0,00	0,50	0,000	298 831,09
300001-NA	2010/01/25	2009/04/03	BD88	Achat	M61475	10 000	80,000	CAD	(8 000,50)	80,00	0,00	0,00	0,50	0,000	310 831,59
300001-NA	2010/01/25	2009/04/03	BD88	Achat	M22762	20 000	88,500	USD	(21 771,50)	177,00	0,00	0,00	0,50	0,000	318 832,09
300001-NA	2010/01/25	2009/04/03	BD88	Achat	BCE	100	26,000	CAD	(2 600,50)	26,00	0,00	0,00	0,50	0,000	340 603,59
300001-NA	2010/01/25	2009/04/03	BD88	Achat	C.PR.I	500	28,000	USD	(17 500,50)	280,00	0,00	0,00	0,50	0,000	343 204,09
300001-NA	2010/01/25	2009/04/03	BD88	Achat	DIS	500	20,000	USD	(12 500,50)	200,00	0,00	0,00	0,50	0,000	360 704,59
300001-NA	2010/01/25	2009/04/03	BD88	Réception	POW	1 000	41,990	CAD	0,00	0,00	0,00	0,00	0,00	0,000	373 205,09
300001-NA	2010/01/25	2009/04/03	BD88	Réception	KFT	500	23,810	CAD	(10 000,00)	0,00	0,00	0,00	0,00	0,000	373 205,09
300001-NA	2010/01/25	2009/04/02	BD88	Achat	A02479	10 000	99,960	CAD	(9 996,50)	99,96	0,00	0,00	0,50	0,000	383 205,09
300001-NA	2010/01/25	2009/04/01	BD88	Achat	P45616	10 000	98,000	USD	(12 348,50)	123,48	0,00	0,00	0,50	0,000	393 201,59
300001-NA	2010/01/25	2009/04/01	BD88	Achat	TCL.A	500	8,400	CAD	(4 280,50)	80,00	0,00	0,00	0,50	0,000	405 550,09
300001-NA	2010/01/25	2009/04/01	BD88	Achat	NRD.PR.H	500	23,500	CAD	(11 868,00)	117,50	0,00	0,00	0,50	0,000	409 830,59
300001-NA	2010/01/25	2009/04/01	BD88	Achat	A21479	10 000	99,000	CAD	(9 938,11)	99,00	0,00	(37,61)	0,50	0,000	421 698,59
300001-NA	2010/01/25	2009/04/01	BD88	Achat	EP.UN	100	16,150	CAD	(1 631,65)	16,15	0,00	0,00	0,50	0,000	431 636,70
300001-NA	2010/01/25	2009/04/01	BD88	Achat	YLO.IR	100	15,650	CAD	(1 581,15)	15,65	0,00	0,00	0,50	0,000	433 268,35
300001-NA	2010/01/25	2009/04/01	BD88	Achat	NT	100	150,000	CAD	(15 150,50)	150,00	0,00	0,00	0,50	0,000	434 849,50
300001-NA	2010/01/25	2009/04/01	BD88	Transfert	ABX	500	23,540	CAD	0,00	0,00	0,00	0,00	0,00	0,000	450 000,00
300001-NA	2010/01/25	2009/04/01	BD88	Transfert	PJC.A	500	16,440	CAD	0,00	0,00	0,00	0,00	0,00	0,000	450 000,00
300001-NA	2010/01/25	2009/04/01	BD88	Dépôt	1CAD	0,00	0,000	CAD	450 000,00	0,00	0,00	0,00	0,00	0,000	450 000,00
~E-00001-0	2011/09/26	2010/01/26	BD88	Dépôt	1CAD	0,00	0,000	CAD	2 574,00	0,00	0,00	0,00	0,00	0,000	2 574,00
~E-00000-0	2011/09/26	2009/10/26	AC42	Achat	MSFT	251	29,320	USD	(7 789,84)	0,00	0,00	0,00	0,00	0,000	71 105,76
~E-00000-0	2011/09/26	2009/08/26	AC42	Dividendes	AGF940C	0,000	0,000	CAD	1 200,00	0,00	0,00	0,00	0,00	0,000	78 895,60
~E-00000-0	2011/09/26	2009/06/26	AC42	Achat	006960	78	47,300	CAD	(3 689,40)	0,00	0,00	0,00	0,00	0,000	77 695,60
~E-00000-0	2011/09/26	2009/04/26	AC42	Achat	ADBE	120	34,160	USD	(4 339,00)	0,00	0,00	0,00	0,00	0,000	81 385,00
~E-00000-0	2011/09/26	2009/01/26	AC42	Dépôt	1CAD	0,00	0,000	CAD	85 724,00	0,00	0,00	0,00	0,00	0,000	85 724,00
~E-00000-0	2011/09/26	2010/01/26	AC42	Achat	NA	79	56,960	CAD	(4 499,84)	0,00	0,00	0,00	0,00	0,000	66 605,92
